86,43	3
5,36	2
16,58	1
66,47	3
20,37	2
89,27	3
56,68	4
21,42	2
96,22	3
72,80	4
99,10	3
20,74	1
59,19	3
70,23	3
81,86	4
53,14	3
72,60	4
2,80	1
10,77	1
81,76	4
44,86	4
3,58	1
7,32	2
89,6	3
61,50	3
31,74	1
96,47	3
100,60	3
96,66	4
0,82	1
17,1	2
2,43	2
8,80	1
15,62	1
81,28	3
45,78	4
48,42	2
61,82	4
24,33	2
23,39	2
37,20	2
99,54	3
5,76	1
45,74	4
87,75	4
61,36	3
46,94	4
58,74	4
73,93	4
37,53	2
41,25	2
88,98	4
79,43	3
19,44	2
60,68	4
93,46	3
76,94	4
20,47	2
17,70	1
55,22	3
12,43	2
100,87	4
5,42	2
54,67	4
13,93	1
61,37	3
99,52	3
6,18	2
23,15	2
93,47	3
70,12	3
49,40	2
42,82	4
85,74	4
93,3	3
2,44	2
39,29	2
29,60	1
13,68	1
62,69	4
37,17	2
83,33	3
7,86	1
80,99	4
7,83	1
74,35	3
75,7	3
41,57	2
20,97	1
57,93	4
23,95	1
57,74	4
37,78	1
55,98	4
34,30	2
23,38	2
38,31	2
43,54	2
39,54	2
6,73	1
