11.39895775,3.834144368
6.999636007,9.998846826
12.76885979,3.198837652
2.207416859,10.5353164
13.00232134,2.248309371
13.76104748,2.260008361
13.84954419,3.385855384
12.97362585,3.098899736
6.250587125,10.71752539
12.60915537,3.351406177
12.87102235,2.842102851
13.40152185,8.920044692
13.73908755,2.393564947
12.03002748,4.089113163
12.76896397,3.82026126
12.50954593,2.797708786
6.872764471,9.155798911
13.65633279,8.964943718
8.04633154,9.602865303
13.8938878,3.123805748
13.50489262,9.982137071
13.0932207,0.853408838
6.838058403,10.21152402
11.86783465,10.39036348
13.90566211,8.220075505
2.519509918,10.25139945
6.299316499,9.2872916
3.23436983,7.893391463
12.11354888,2.035251341
14.21819142,10.7110225
14.42927675,1.36703174
6.671777014,9.024400796
14.00274239,2.569379662
13.87159939,3.429910832
13.49041197,1.769861009
13.33694344,3.077509397
3.437491579,7.806326104
2.461548006,10.19168802
12.91366388,8.47074843
11.90155599,4.014990492
1.802112111,9.897859484
13.26463857,2.619147939
14.56251929,2.550823245
8.050225096,9.621456612
7.220050598,9.241731255
14.57121173,2.765415608
8.27226293,9.611577882
11.21480777,2.179914483
12.42681032,3.113051892
11.12523698,3.068406665
14.31405617,2.915685114
7.788834612,8.983778237
7.637300051,10.33197249
7.184528294,9.192157978
14.50417009,7.699312104
11.08719122,4.090032926
12.75168263,1.846624123
13.83379175,2.322583834
13.43399168,1.578733927
2.281231201,7.355338274
13.80325121,3.073104988
4.184159378,7.884180139
7.134912065,9.902794811
13.04463211,3.633367459
10.80338679,9.362421325
14.47792575,3.30309083
14.47303833,2.346042187
3.4940534,8.304732559
12.68730245,4.443674275
14.36977182,10.0680196
14.24451013,9.73648884
13.78502841,4.681300555
13.00109582,3.378178903
6.89765184,11.31142854
13.58311659,3.023158583
8.059473101,10.57189517
10.63336889,2.953147485
12.42132994,3.702712796
3.536578538,1.702950712
7.421033253,8.775272019
13.79212155,9.12554873
12.83626839,2.610239185
12.12455358,3.051561902
2.899726693,9.156735896
12.71994543,2.183830856
12.4739256,10.75112088
14.4586279,9.844895429
14.66810519,2.288633403
14.20634407,8.245751807
13.02822622,3.531097423
13.36789546,7.022369485
12.56884016,3.325778719
13.42651901,3.694622397
13.13959574,3.734785911
12.50966334,3.035751123
13.03880813,2.186611825
12.65570852,1.940028565
3.572243881,10.42010575
13.21062289,1.463426914
11.76756355,2.117089424
12.09261182,10.40832162
13.18599585,3.532823079
6.650195614,10.38293445
12.70906313,3.241055634
8.042170257,10.21141875
14.37901526,7.940065862
13.72671263,3.54870006
9.35363254,10.06857514
2.016641992,3.10490064
15.20063249,4.898208597
14.86521404,2.810387492
12.69295567,9.253573098
12.12803337,7.846724926
14.48714774,3.042135526
8.57772491,9.878633669
10.85381735,1.557628859
12.20283211,2.29474771
4.708049783,8.952645858
12.86413061,3.023075148
13.73053081,9.686752392
6.773703993,9.605862784
12.85496581,9.848095713
8.316362737,10.12734167
13.23283255,8.888043322
12.63063492,1.004649318
13.81900482,2.087554641
12.71344749,3.169164019
12.6365324,3.922778484
12.10473304,3.126468626
2.685550004,3.235062802
12.64396434,4.857820154
12.33126932,3.266630013
13.59784054,3.540067356
13.71073004,3.00081062
11.35489792,1.27615271
13.18060773,2.985777124
13.37197885,1.57102291
13.06279899,2.804000521
13.31094621,2.484200722
12.39965448,9.796003858
13.58636234,7.74315442
7.557090144,10.39748098
12.79309872,9.243727763
7.415129798,9.966329605
13.4268918,2.36396837
14.74857285,3.055471469
7.753657254,11.09216797
2.639713122,8.568190862
13.45005659,9.886504854
12.55166058,2.195547669
12.42566889,4.062395848
6.985974756,9.202583167
11.12628287,2.203418952
2.312592741,7.807028679
2.980082163,11.08063965
11.8198949,2.554456027
6.802820631,11.55170552
12.84344236,2.410378442
7.221101711,10.30658819
7.735358634,8.387207456
3.073609826,8.116343378
3.088213289,2.44049169
6.238879392,10.84219461
12.30454863,3.994264655
14.47031926,2.259524569
4.524687211,2.244077007
9.970302399,9.013064868
3.42063622,10.69702346
3.543050945,2.419415558
12.74122915,2.607182997
13.51636905,9.039584935
3.67009443,11.16110848
14.95288969,10.10405203
11.15014314,2.561813779
13.51106165,8.788749747
12.30791911,3.097016429
12.65111672,2.197813893
3.507168838,10.04388421
5.777525895,8.925193419
12.95274321,4.29001163
2.140312496,8.406774769
13.06437046,4.093316129
11.6178713,3.377088217
7.012176641,10.00769822
6.900837029,10.05481193
2.204152038,8.344602454
12.08513692,2.21459443
7.259942324,8.469396135
13.6227239,2.378462111
10.9036921,3.352251942
13.68945051,4.598509297
13.5748316,4.549392654
11.60788119,1.930388349
13.61315003,2.292830722
4.989298306,10.67544071
12.74856555,2.488727378
15.4130114,10.74612443
6.721612144,9.86276497
8.159354342,10.69968873
14.04088498,9.175408839
13.96460982,9.826971105
12.06085015,3.197545061
1.708585811,8.337599575
2.207144361,9.371340301
13.62664779,4.159393947
12.13003983,10.38381685
15.32454464,10.5964923
15.00256813,3.601371354
7.46848446,10.65985419
13.53844643,8.971811627
12.43787077,5.550001971
8.351243552,9.32580858
13.40314355,4.923061298
12.7418531,1.766295633
12.99859418,9.391469643
13.52244409,9.146333918
12.05151049,2.486950836
12.92085909,2.065165767
14.96147574,2.335363617
7.558764269,9.168893189
12.85824467,3.113706573
7.642467815,8.904736541
4.110234143,9.132214492
5.725646219,10.53320098
9.227051246,8.406541821
12.40424204,8.651865631
8.447182914,7.525262707
12.9715072,1.72859151
13.45802599,0.548764269
11.34594838,3.717991766
7.03639478,10.64622671
5.525324607,10.98356182
12.77615086,2.757439652
8.724045593,10.0268711
14.91742874,11.58275388
12.15813252,3.171897476
6.866001449,8.831477241
6.999847033,8.644840811
13.70460636,3.574202905
11.3780623,3.637309618
11.45315871,2.093383715
12.27697667,4.551150194
12.92686785,2.900347075
13.76075824,2.491334204
6.253898899,10.26620848
6.184953066,8.987481742
13.34381832,4.156068385
13.18635272,3.211781394
5.933898925,9.642461723
12.64705488,4.313816517
6.838583231,8.691411159
12.99513249,3.815454455
13.66088854,3.357593923
6.975168285,10.57098845
14.52413332,6.707358488
13.83007788,8.430991294
12.40208456,2.854195961
5.907863976,10.22100143
11.44888822,1.468835957
7.240905372,9.526483853
13.28354002,7.3404367
13.72229888,3.496443485
4.0457606,8.899943846
7.386314754,9.12464201
4.495257322,8.114655481
2.527222603,8.909604948
12.34783858,3.558793988
11.5339307,3.155561751
11.21701524,3.055156731
7.391193854,11.51772612
15.2381705,7.378045107
5.352075975,7.926942999
14.6358799,9.609120241
13.42615002,3.764366618
8.553639359,10.74717209
7.771726106,10.95140173
11.75550331,2.760557933
12.94029276,2.508728445
12.56682792,4.202881763
13.41900913,2.783666863
3.2643933,3.410679142
12.96184782,9.832713736
2.863038192,9.855232189
1.311503003,8.563383527
13.85436162,2.660422911
13.72117045,2.594706362
14.16964841,4.129844527
12.00468297,3.501084127
13.39881894,1.834165212
4.947429679,1.894170035
13.62735535,9.996825062
3.01403707,10.23383297
8.678339713,9.364073158
4.468185117,2.291302578
7.245976099,10.57112012
6.771727801,9.66526073
12.84991607,3.684110579
13.69479318,5.040916247
13.99021131,9.037623517
2.570672709,8.650068241
6.207148701,7.629935005
12.50131216,0.862386742
13.70580429,1.720735285
5.706904876,9.073611819
2.689077647,8.253048079
12.46586584,2.656324295
13.24544059,8.329837033
3.372546403,1.5968238
7.384858528,10.34694237
4.108302357,1.602433533
6.917518131,10.01650054
9.992881899,11.27675261
13.31258534,2.260290247
13.9313731,3.958777786
14.2641899,2.885612014
9.190216824,9.959934993
13.10561696,3.900646112
13.48439667,9.285082086
7.765430938,11.07908888
7.030637348,10.06597033
6.895816505,8.205413383
14.36552559,3.290347421
13.95103366,3.59058016
12.56467496,2.775134072
1.716139262,9.503453289
4.504381417,2.196873357
5.814711408,9.997521548
2.200149853,9.972050222
11.40852445,8.999132879
13.36778739,3.765004017
7.461094232,10.3252403
6.474262345,10.2635248
6.666179977,10.76440509
6.410709815,8.987367481
12.72044698,3.719404965
12.25449517,8.431949986
13.46101904,1.536926178
11.86289068,8.160696218
14.24465516,2.616793005
12.41274145,1.595012719
5.857983189,12.32432387
13.34543004,2.844647842
3.540100431,9.170907847
11.28398315,4.727129246
11.72680241,7.787578855
8.560113434,8.699195425
7.117403006,8.237382368
6.783883979,10.29166964
7.13204452,9.382347925
8.55866227,9.140697646
11.61795283,2.491556868
12.44965728,4.597138112
12.30889594,4.062116925
4.151156716,7.974575951
11.66702032,4.039261248
14.70338948,3.14768945
10.72086071,8.935342361
12.95245652,2.530022582
3.292982056,8.278179471
13.59697883,2.126761141
12.85918316,2.341368206
2.934267413,8.233077517
12.62955503,2.682068758
13.19101305,2.635316936
14.41176086,3.160455488
13.51796826,9.778731707
12.89722743,4.568061935
14.62957693,8.026901847
7.221152061,12.23474882
7.613751646,10.41233531
14.25355678,3.202623208
14.58758067,4.304093344
14.20176773,10.85485578
13.44464666,3.65863872
6.984028295,9.290983597
13.27967512,3.205524166
13.10152354,9.131838263
13.33537751,4.472501113
13.39260425,4.912091707
3.392281309,1.144491171
3.864875039,8.033007284
12.74487483,10.24479502
12.97882393,4.486447858
14.27077952,3.32142401
12.49088474,4.05122291
7.98241783,10.05153068
16.31945009,9.700132064
12.05100764,2.820477694
5.556560193,10.42802589
12.24914121,3.952651217
7.144628045,9.735132005
12.83473954,3.373375485
2.494214619,1.933119745
12.51296345,8.595259545
13.85688626,10.52319947
13.78016304,1.380292023
12.04252281,4.135289485
14.20677813,3.290944124
3.526530465,1.879271071
15.03826934,8.14759146
12.81885301,4.254331194
12.14134972,2.726842135
13.56346307,5.646120836
6.665690448,8.383985084
13.563183,2.474226984
13.40753026,3.495103963
3.748101058,7.907916659
3.729654902,7.875375633
11.22979845,3.431778666
13.25163846,9.594919557
7.045440359,10.16868883
11.52002104,3.442275028
4.410398854,9.762446863
12.9095793,3.551229765
13.66823598,3.694063096
2.451531168,10.4638222
12.42746046,2.402305476
4.149999883,8.016116385
5.95492042,9.860977112
15.25183787,9.195285716
12.96654155,8.585320813
13.78952599,9.414540683
14.04761462,7.384684773
13.90508189,7.096189233
11.79503563,9.947121497
11.59364564,3.388686991
12.91653032,3.332378146
7.615282925,9.208326468
13.0005558,2.116273611
14.77204157,1.847495316
6.718999406,7.965680633
2.410397695,9.047256198
13.90956537,2.181450375
13.0447711,4.798700894
12.48998087,2.748551795
13.76918986,2.720363682
12.16211077,2.939002088
8.493507798,8.954039523
12.30925433,8.293846544
11.37834194,7.864750447
3.549642016,9.070721129
12.11109696,9.620935269
12.48291781,4.861570221
12.16862265,5.301451546
3.212964215,10.17599871
4.698460387,8.69024909
13.13559331,3.567554713
12.91970432,2.714078038
7.813654293,10.1110817
12.46389811,10.85659038
13.06345971,4.760567322
1.945675884,7.940547444
2.292803666,8.490670111
5.616368336,8.882298546
3.947437171,8.10410763
7.822848931,9.237449246
1.700501366,7.610950504
13.05447022,4.660690425
12.26750308,4.007946081
6.4654715,8.195337739
0.447217829,9.912973576
2.715863055,1.741804672
12.31235687,3.915870037
3.292817729,9.303737753
12.59579927,3.616504249
6.254685837,9.821838836
12.2280736,7.757108847
13.3452775,2.997391732
13.18719084,3.283920323
13.65186385,9.79697041
14.7709496,8.827152896
11.78190799,8.580123906
13.8166889,3.985201345
13.42933816,3.355273157
13.84175317,9.563788106
12.26561806,3.149302704
7.581376444,10.07786162
4.684704073,6.859858184
13.36064061,3.01644627
7.976381323,10.57088488
13.21982022,2.359994532
13.36785178,1.564256444
4.264039684,8.850556166
11.68490087,2.1259456
5.486414641,10.73955462
14.18433082,2.630559314
12.18584351,3.060136915
7.24476234,9.370745429
12.08020248,3.433462938
13.01179682,4.397761963
12.00482068,2.08630069
12.01673451,3.129005667
12.06445892,2.741509857
11.13287501,2.543595681
2.402945758,7.850115767
12.87573066,3.556867908
13.83926887,7.435478799
12.13896328,3.943894286
13.78687865,3.046172471
12.41929713,3.743838129
13.00811729,4.131595102
13.17001106,2.896970354
12.69693096,3.321142786
13.05119388,8.171525563
11.59228285,4.896430775
11.00947377,3.120014116
12.25143248,2.702722907
12.56381153,2.296520111
6.571877471,9.841019328
11.65956718,1.818134492
11.25281984,2.357363383
13.23426678,3.558355608
2.893827641,1.044115538
8.075752799,9.612862163
2.573309303,8.881654276
7.255727876,11.15256525
8.061244303,9.607640389
3.64008063,9.17583514
3.73161043,9.010966915
12.54916086,7.766575361
10.28496559,4.49761342
12.77529648,9.209707176
12.59579963,4.064909895
6.612762175,9.986443859
10.97486049,4.980261518
15.13737981,3.183160605
7.226967663,11.9283128
12.76256274,2.168324003
12.82492777,10.0426422
5.044169568,9.505523884
12.90405291,9.17503978
3.571118124,7.810091048
4.074457787,9.640868457
13.33460815,7.691750543
13.48031251,2.230866551
2.865431653,8.552411245
11.0850909,8.141294534
3.170151899,9.028935491
8.99424989,8.354940465
12.81864714,2.997514116
4.168894085,8.461832128
12.01873506,9.185952058
5.798282035,7.700827717
6.701055907,11.20116971
5.103251381,8.620693883
13.56032407,1.245524589
12.02004993,8.866287109
13.50590555,7.721589448
11.77639642,3.682495164
8.702360352,10.81807129
7.816502296,9.885951769
12.38064589,8.927416322
14.20501825,2.818424111
12.71341228,2.270058869
6.534919102,8.077693262
14.03896073,3.544231499
13.03112912,9.681905952
12.64890994,2.642594235
13.99497866,7.693762244
13.09324782,3.028376414
12.19698381,9.376754135
3.502555789,8.87660887
12.3910533,3.100084124
13.04005642,8.942610448
11.69360571,2.773615239
3.92598453,8.29692
12.23949976,2.445999665
7.873236075,11.27182189
11.78217161,2.378630148
3.286603748,7.723650587
13.34529073,4.365880759
2.244336722,9.248562703
7.352915723,11.26490573
2.442266214,8.088195793
8.791028512,9.846804463
14.45055178,3.564507514
12.93771848,3.564331187
9.060217644,8.293392113
2.778160502,8.192916331
14.26383994,8.4351021
7.404365675,9.66387683
13.52434006,0.726917975
12.37234055,3.811618755
6.603676774,8.657759063
14.86824042,1.556990765
12.09068795,4.808418214
8.221291186,10.86760426
8.016247965,11.325806
11.61716351,2.132411569
2.194965823,7.193936612
14.79491398,1.308472187
7.175086652,9.427835346
7.109831322,8.720445152
3.465278711,8.578767123
2.944308377,7.8908473
9.255083271,9.776006908
13.91247451,2.590800847
13.59740145,2.862689516
12.03598185,2.026149269
7.420087774,9.137914782
13.74759757,10.26215288
4.196202547,1.438049448
14.35779941,3.858822929
2.407217315,8.127649631
11.7441355,2.560619531
3.920708351,9.527278458
11.68323577,3.40142169
7.115081611,8.680129941
2.813584406,8.861844908
12.34704552,9.195064717
12.36955422,7.248723408
13.68974374,8.263759688
12.46648034,3.416719951
13.56538606,11.92656798
4.033248958,0.857209505
13.85228754,1.563213089
1.892326288,10.11219152
13.68760588,3.028907796
12.85938844,2.238278932
12.33642055,2.388156693
11.7198633,2.185605219
13.29556632,6.887952584
11.49468071,7.309675949
12.779023,3.787756159
14.41747711,3.1043707
3.254921573,7.963079238
12.41962623,2.221795299
4.350058981,6.61263664
6.482933599,10.37666047
11.72505569,2.590462662
4.280071559,7.965471148
3.966387157,8.492506072
14.16515705,4.44295585
14.11503714,9.541549625
3.488888361,8.598066244
6.052170733,10.16726236
12.65263831,1.379374151
11.85389502,0.922262794
12.68496491,3.68266229
13.13460424,12.08391936
13.15526686,3.789654564
13.9581913,9.702028226
12.81574425,4.090626779
8.269061999,10.08830556
2.520276184,8.792985261
12.79297515,8.756907921
3.821007708,8.153626303
12.23472389,2.579121007
12.52334384,3.543775686
7.083375176,11.72647002
8.725481003,11.38198028
12.2882736,1.423267083
12.31513383,3.612856754
12.63115846,2.406400533
14.06312431,6.939434744
12.88708612,9.371266334
14.62661614,3.286909812
4.094120535,7.826553939
7.657688927,9.102489655
4.125361477,8.561925307
13.85189896,7.718536444
13.92065642,9.178825988
13.41586095,1.868964144
7.895111982,10.37482662
13.27693156,3.632833477
7.515246849,9.250626471
4.055659421,8.690203184
12.71142401,3.976813051
2.919482616,8.987753592
14.36155171,9.539458082
11.02700156,10.05539016
6.391225569,11.03773631
14.93940044,10.47036135
6.800860857,10.30301393
15.30898623,6.555087268
13.20960457,7.179581652
7.063178192,10.50678772
13.28107146,2.903186663
4.942913114,7.329952404
10.88175559,5.363471307
2.86752551,2.626850581
7.295410533,9.735214958
6.116250501,10.09801461
8.03872752,8.567789073
13.87996876,6.606115695
6.946490476,9.855150094
13.36826674,3.739740194
14.28103382,1.903441365
7.447447663,10.8440923
7.200073637,8.255798926
13.93985628,2.635624839
12.64213666,3.930023439
13.30765908,3.454335697
2.822941859,8.039157167
12.87136384,3.151652848
14.14227939,2.029846697
14.00002535,2.926863376
12.21726554,2.077197556
13.79060763,3.420222842
12.29715542,3.349906119
7.955032947,10.72033377
5.558861528,10.88235909
12.52647188,9.484459457
13.61575683,2.859391839
5.368470845,2.798461259
8.069574579,11.49968408
2.169069272,7.562930513
13.75316166,2.144385361
3.248159361,9.970288261
11.72093267,2.557881992
12.04973473,3.590646143
13.87066439,1.261183811
8.526279363,8.870648236
10.13539169,3.058664036
12.81404718,4.132867505
13.58323293,8.867681666
13.72383608,9.304029831
11.90663604,3.59268589
14.91001907,4.060831842
13.25470672,4.358581881
8.607547508,9.978454268
6.216983821,10.42207426
3.514434799,10.64698664
13.20857664,2.276196336
11.15278769,3.973677693
3.961544781,9.877839015
13.84765865,2.864816874
3.319114635,9.399403376
12.78443454,8.208383422
7.270725179,10.37906615
13.26374522,3.226609014
12.64170528,2.125883391
14.50551701,3.717383989
7.902010451,9.419946575
11.29481118,3.6313021
15.27087243,8.966917882
14.15095387,3.968551951
13.90376172,9.506403216
3.452145413,3.432292721
12.38176157,2.848751392
13.32695271,2.579316151
6.607250232,10.86720919
12.4887706,2.78168331
12.61201623,2.510520671
6.9172653,11.95585639
13.08604065,3.598336504
7.071139784,8.86537377
4.512371453,9.287887988
13.14116524,9.074744779
12.84952067,2.707099308
12.52340079,7.626142482
7.290963369,11.34122237
4.36141904,9.459651207
4.461672567,1.92054004
11.0245726,3.936971909
13.7611661,3.610866436
13.42710434,6.809620655
13.12440168,7.713272076
6.914657786,9.443497755
14.88215788,2.723652739
13.36612577,1.915475169
6.965947771,9.630406391
14.01377513,3.829797635
7.896344917,11.61167056
11.19040741,1.609400957
8.945896535,8.354555546
12.70954416,2.687745015
12.74816511,8.046140676
7.16117974,8.202337534
4.224913979,9.13038599
7.169851524,11.00925567
3.932818956,2.837381909
13.50663099,1.877339984
12.4868427,4.107881486
12.11268102,10.64641099
5.779449738,9.5478883
11.94106665,4.801064443
2.999368109,9.967164086
14.64843909,3.423482191
14.62129349,3.375970473
6.886407287,7.478797988
12.71464945,4.562546507
8.082125678,11.14256806
7.04486264,8.692120292
14.15051985,8.395999159
11.52274664,2.090367206
1.999781206,1.73113877
14.01732033,8.816024489
12.61913939,9.400940001
14.13016541,9.15002313
13.87023696,3.522472853
13.96518406,3.788179683
13.91194818,3.354207476
12.20589884,3.043981636
10.87266754,2.726449565
6.082562807,9.535450774
7.259148274,10.5465896
7.958808951,8.236093617
6.251328511,10.72303894
3.257260644,9.559558863
11.59577347,9.259604723
3.102007924,7.773415698
12.56604761,3.821932115
11.4914764,8.137893782
7.284634464,10.7322415
12.95059417,9.254574885
13.70311488,9.642651336
12.78640129,3.902198651
14.89297641,2.546660011
12.68545517,2.444975194
7.334490608,10.53567849
7.458501841,11.7483184
13.33758643,9.225549843
7.24842206,9.47665535
6.270709612,8.056939851
12.0006923,4.252226818
13.58732432,3.067746016
11.91079018,7.515530575
8.569621171,9.733374125
14.28988312,1.476168813
6.655899572,8.159565876
3.432171607,8.148929612
12.04506325,2.253430793
12.93759333,2.492349376
2.901083553,8.293185123
12.79594238,4.056624101
1.801617884,9.53826252
12.94391865,3.772106493
13.63531551,8.339192493
7.394103791,9.738827681
12.96124857,4.471812088
12.24219187,2.952918917
8.041812465,9.814474253
13.44309106,3.035419279
13.17890948,0.688993939
4.437129308,1.813042008
13.77539263,2.604393495
12.56544406,10.24689033
3.273126675,7.3789321
14.38639004,10.07222286
12.96462853,2.934368754
7.21050045,8.604886429
12.40725727,3.30827585
13.46594839,3.454360218
8.674096754,10.00464496
12.61527476,2.968533463
12.85701592,2.984793201
14.82722531,9.128685649
8.702966879,9.758029117
13.9019903,1.136066804
13.50369236,2.742154915
8.575193211,12.53088146
11.67498512,2.623649193
14.15213275,8.78641771
12.63126758,3.406194922
13.01410609,1.557786979
14.19386152,9.106422511
7.684185901,8.957600429
14.17103213,3.55774438
7.363945221,8.900883975
13.80169004,10.71192626
12.17506999,2.799729208
2.632464457,7.832412155
12.51347279,2.490104972
8.718603088,10.38990428
13.06761731,3.711026363
13.10027554,2.7879315
13.22180847,10.41672949
13.92372197,9.241378354
12.2085752,4.019496631
3.77956385,9.187305637
12.50810054,0.081012778
13.21351562,10.82951312
8.240858153,9.061312473
12.98230482,2.367187954
12.65884784,0.921387309
13.27772104,9.481114499
12.66492049,9.789841778
11.87345104,2.2158234
13.27623069,8.379866672
8.622927285,9.557673794
3.88674714,9.012111284
12.58662396,4.812494791
12.11222711,9.0817498
12.38604791,3.383113763
15.70255743,8.663168604
1.824599541,8.115366005
0.743171562,8.767967493
11.66459775,2.574662828
8.010104171,8.680640752
13.97738395,2.238781568
14.18062869,9.437004423
3.438429051,8.521854487
14.03304226,10.48044922
7.123335565,11.62708001
13.36623003,2.860122918
2.863620229,2.604093703
5.524370472,8.20719025
13.9028649,9.516655499
13.84820374,2.800554368
14.31438064,1.662356202
2.1544192,9.365805803
10.89825845,2.914531116
2.920496967,10.80729992
6.159505478,10.15286358
14.35814266,2.218889174
11.91492829,2.887382907
11.18247455,1.205311215
12.78161344,3.312512862
14.67505268,2.897643831
13.22670952,9.903174678
13.43981976,4.133083157
12.73152808,1.825269839
13.59463146,2.217961517
1.616009062,4.039785431
3.045848172,3.028072411
11.92459717,3.831847602
7.721363086,9.656352694
11.63000664,8.287374347
12.11129715,2.495694193
6.220285769,9.676242431
1.431578533,9.975727631
14.2541639,4.61499302
14.03458189,8.476661506
3.46397297,3.590139792
3.644119369,7.848164612
12.12036869,4.122282901
6.438607065,9.078828751
3.438249275,7.739714459
3.427376457,8.053636949
12.59394156,2.434617402
12.50158838,9.251472303
12.6628055,3.214287188
13.5113317,8.194780682
13.13110772,2.27000919
12.81514444,3.253698537
8.317451796,9.631369684
13.4218887,3.883748171
12.69773569,3.046571984
12.35620549,3.297296917
8.620074185,9.151930894
13.90575478,3.029752774
12.94373695,2.04369051
12.84953564,2.945435499
7.581724975,11.27152937
10.31564561,9.619706383
14.49201909,4.658254846
4.535837063,1.611632996
4.711003242,9.037919621
11.65385798,8.553988686
14.9439343,9.005646063
12.61877521,2.32060465
13.75762981,3.35056971
14.40660819,3.715536866
13.74359939,2.849048599
11.34143427,3.340165212
11.6318989,2.436564235
2.260076808,9.259275079
3.817227481,8.68462262
4.932870018,7.040204888
11.89393104,3.045149596
3.522260527,2.435798764
7.646274488,9.383847868
11.56475415,2.364966497
6.312972689,10.91382093
7.767801481,8.910382231
7.787126134,10.27117336
8.20120351,10.28664095
13.55489627,1.829398017
8.465868487,10.45797795
3.72821198,8.672338557
14.37923328,2.784211556
12.06923972,3.913758155
6.953217408,9.947889969
14.28244189,9.792963748
4.337787777,2.703078541
14.70089845,8.562332655
9.629251936,9.730095681
15.11223517,9.785788229
8.394191177,11.06484288
6.695270743,10.1020624
8.810870116,8.814776548
2.252835019,8.695360303
12.90448282,9.731453333
7.086861533,10.27778718
7.475577093,9.836070854
13.86927385,2.694305826
2.317949581,7.480980524
12.22546267,2.456359362
12.69938749,10.84586374
12.80970867,3.405313262
12.63871351,1.46670173
12.86015824,4.086986654
2.788188749,7.488569752
11.41298089,3.881998761
6.237432123,9.796432361
11.00924074,10.88790038
12.05245316,4.026690789
12.39573433,1.266095684
12.35156041,3.479700584
13.50222762,3.699328743
15.66347531,8.042343142
13.62844237,10.91389878
11.64958286,9.868308507
13.85339669,8.696722756
11.81600889,3.50512993
13.40638274,7.755979678
3.026540761,7.880289694
14.31923572,9.388973578
13.98879967,2.810997043
13.7212855,6.863340138
13.2756323,2.502246598
13.64051973,3.807284021
4.331290273,9.458978919
14.13341038,10.44258385
8.490807593,11.11352359
4.737759909,7.666036104
13.24231362,4.633732908
13.5207477,8.95465053
2.515007689,7.971337294
7.305984957,10.61280192
15.83779148,7.172277663
7.19928717,11.01623168
2.113333486,9.204381884
13.69539979,3.434625989
12.03994349,4.491954208
3.414909458,10.26478191
14.2133828,3.787303978
1.300593066,10.98618584
8.175625542,7.177363083
3.129263997,7.949261753
13.20510615,3.223607983
11.31849586,2.197567428
5.13960268,11.16264585
2.852634073,3.330730703
11.28471812,3.213882809
14.48529222,8.976741558
6.001056132,13.12942733
14.58284528,3.57849765
13.71221646,0.878608233
12.84203132,2.484335994
8.99456672,10.74990111
4.267078023,7.391460698
13.26381855,4.038068885
14.26914624,9.82004519
12.79639953,10.26179741
4.13249971,9.335624286
14.21043537,2.41064004
13.41450438,2.831425341
2.477381862,9.565401711
11.80388592,3.381396882
6.43754522,10.0187467
7.163039873,9.436428585
7.846585018,8.378419151
7.034963255,9.322450055
3.741474844,8.481902102
12.04071973,1.750105352
15.23982873,10.20642477
1.885418742,9.008250359
12.4552388,3.546101868
13.07645557,3.058372141
13.5457066,11.34064726
12.3135813,6.697850537
10.57500212,5.011418428
4.021412734,9.844184585
12.6714454,3.188526502
13.35466732,3.691398954
13.34691327,2.744110166
11.85880853,2.579873881
12.77346233,2.369994007
4.429849721,1.483743034
12.84057457,2.713652219
14.26721233,9.15760961
12.59513249,2.417002404
0.40208269,3.699627268
7.733976493,9.804603832
11.98859892,3.070360043
7.303181927,7.335737667
3.916463404,9.264379544
6.614707453,10.62184683
13.37803067,2.060014925
2.672872324,2.397332344
12.11081799,1.95558327
3.218317091,8.716009402
7.952435461,9.160367602
14.03826332,6.738859756
14.33511185,4.810898692
15.543851,2.230177349
2.067462579,10.25551367
1.821856181,2.629223732
13.63428241,2.30978508
12.96215126,1.367221645
12.43204189,2.557131284
8.099734945,10.2893116
13.70741049,10.79114128
7.078318247,9.1224219
14.07016763,9.590373049
2.170640148,8.352314264
13.86863423,4.504374554
14.31888592,2.789061649
14.31425349,8.037056011
6.092019231,10.24505239
6.399337771,11.27141627
6.505358822,10.37247804
14.24774094,8.755188629
5.710028504,9.912942807
13.90520444,5.306829056
8.79694011,9.706848961
12.68193792,2.159674192
12.23371087,3.484128323
12.71969915,8.577657261
13.45649529,3.595528462
13.32473008,10.48638093
13.73198214,4.133184544
14.21675799,7.178153887
7.662749909,9.899379551
3.471079826,7.559122998
6.985663575,9.858184049
6.499400013,10.0268462
7.388460252,9.532703354
13.07733857,3.399639549
14.42569074,2.587138158
13.87105044,8.332049537
7.764078931,10.01708092
6.721942393,8.851486849
13.23061893,2.951105461
13.96430594,9.207104972
12.43695319,2.826645432
12.01213855,2.823376382
8.256078874,8.547368439
13.41456707,5.317492102
13.01952951,2.958563719
7.523156501,8.963656005
3.173601272,9.011613582
12.21198588,5.269692164
3.416128242,6.096422423
2.926999861,9.198881278
12.31289254,9.146299536
1.181360956,6.752001398
13.63029627,9.139591302
12.92982266,1.113107243
13.29238932,8.747607184
10.67792814,3.186126913
12.83073281,2.189544024
12.73906457,1.890171997
5.367810832,11.15026002
12.17829809,2.760934867
15.0924498,3.288827838
1.871245849,9.549384786
6.896506663,10.1030836
13.51200818,10.82540462
6.945857229,8.370934995
3.238442954,7.738016698
11.74158275,2.580337455
5.640577444,9.551059275
12.58652362,10.35202149
12.13868175,4.718174383
12.71020766,2.763462629
11.99758194,3.654601057
14.10304652,3.178140404
12.60825149,0.159658507
4.993300447,7.93014829
11.74915481,2.097269589
12.30035207,3.333604277
13.49147886,9.616300941
11.99450728,3.441899408
6.641917225,10.02399051
14.34256967,2.7560564
2.070983721,8.943832493
13.42640847,3.783214893
11.59207648,2.993769011
0.694799697,8.19096998
8.260825123,9.985529208
2.496830157,7.775750337
11.53092756,2.50256685
6.819962812,8.965614318
13.13739444,3.367082163
8.168350619,10.28277808
3.833994646,8.00289637
1.333400358,7.788216564
11.49433147,2.316361272
11.7561766,1.174563606
4.247855692,2.46863453
12.356792,1.266601173
3.872796363,9.893842395
13.84272518,9.3656249
6.099391975,9.021915801
2.040570094,1.554032384
6.30631802,9.202390293
12.5092275,3.303922429
6.4967367,10.05706893
13.89808758,9.759298754
14.56780617,9.638615272
14.01765797,2.946757794
13.36074573,3.682222008
11.72356611,4.23757963
2.128785461,8.254788892
12.66760419,1.771619768
6.471850348,10.34756275
7.603124562,7.976759979
11.08796195,3.946087801
10.56904881,3.158445473
13.81163899,9.12674087
2.723961859,8.955941881
6.240258204,8.29470454
2.442826283,4.259623666
12.15781185,3.991889238
3.205642084,8.167347688
7.75579564,8.58461684
6.371917025,11.17471871
14.80583247,3.112244057
10.78485213,1.323636632
12.79624139,2.611789131
14.0378008,2.307540833
13.70572256,2.460864384
7.04117676,10.52636073
8.168777773,9.940331659
12.17440279,2.23749865
13.08683877,2.599835153
13.75680248,1.316107884
3.270015351,2.023409474
11.96188847,2.563586192
14.24092194,3.207025138
3.66054147,1.886110346
12.0176412,4.804442762
5.464971408,9.029954433
7.52410001,7.598643928
12.08896215,9.132911855
14.09752166,0.949350597
8.207907866,11.95150736
13.80413694,4.09056509
1.440635928,8.391404273
14.74697579,8.671777483
1.634759043,8.687863955
12.62668911,2.816617394
14.09930844,9.291688168
1.849041203,9.96531346
7.661973495,9.754939665
11.84988354,2.186250939
11.76142026,2.938590907
8.015481893,9.018985325
15.16411271,2.918425337
8.645868573,9.301701302
12.12446368,8.029289814
7.559590802,9.814421968
13.0449111,3.123625066
2.995865351,2.164978975
3.229095189,8.56537536
14.48218765,7.087537505
8.362555754,9.753461309
13.38073552,3.382746802
4.181287199,1.91783975
12.16936945,3.722228387
14.30322917,2.929608247
4.182786203,8.777001724
13.91025845,9.720330979
12.1854027,1.977151892
13.87775545,7.598200882
3.434640549,10.80125884
13.83909717,7.553597191
7.863889978,7.407082956
2.380239191,9.001462509
6.377224895,10.85515172
11.89408408,9.319599229
12.62851513,2.196638142
14.97206428,2.412118737
2.71849925,10.17344682
13.4355987,3.358838881
13.08992142,3.030728808
6.244163946,9.498680584
3.188281038,4.019822444
12.56930928,2.565546078
7.724093404,8.963658926
12.36663318,3.037952953
13.24967039,3.018302294
6.458245139,10.13184916
1.916442681,7.914846972
11.66701132,4.171361725
7.021531339,8.317938547
6.87148385,10.49644261
4.156971152,7.112585932
6.951946662,9.007356105
14.44527546,3.035441466
7.531334048,9.898245516
13.56122142,2.718557626
8.505985014,9.474132802
12.63715129,9.367680073
12.54675741,5.565640081
13.56784749,6.210777618
8.335338934,9.994264618
13.86987318,4.792202068
7.056676632,10.71605228
15.21794117,0.964343057
6.722779052,10.46630241
12.92488059,4.508480519
2.511818519,7.866348079
13.42251081,2.761535163
13.35577787,2.407711863
14.79917437,4.613413216
8.144759802,9.215137564
6.985599943,9.874080596
12.43673646,3.187502026
2.513712753,9.972986521
13.57143248,7.898302168
7.588252176,8.52842811
13.97027538,2.346263061
13.03103046,3.720068336
12.14390983,4.781987282
2.448008885,6.989466745
13.83812764,8.504623594
14.82783095,9.29049757
11.7809259,3.028122415
12.09791526,4.372365795
13.33618686,3.489563201
12.61028517,2.855636182
11.68476169,2.810342717
3.365232768,9.46785138
12.87488338,3.32557326
5.926460735,10.35831332
13.01861628,2.446387312
13.36055852,3.639647013
12.91178561,5.107727905
7.313737854,9.466210152
9.110232461,12.63322334
13.79030385,8.456487296
14.2438161,2.173564195
14.38421302,2.667985867
12.45146937,9.568103999
14.16259227,9.292247726
12.38068306,2.133454672
3.545622264,7.848423652
13.42463411,3.627638138
14.10792774,2.822511289
13.81718159,8.012007522
13.69041117,5.092859459
11.60847462,4.413343819
10.25399816,3.271000594
11.24800222,2.344601037
13.45246489,3.98318713
11.24415388,1.663925071
6.904603327,9.020254823
2.298901494,9.437318388
6.148705337,9.370105901
5.379537951,8.896203028
13.55100886,3.620402598
2.768073311,9.869063999
13.32168496,2.64115217
12.38521952,8.93669071
12.12279936,2.598016612
7.82917328,9.996590934
13.3873417,1.437737355
13.52704595,3.787286834
1.753239768,8.373470239
13.03106325,4.443174926
4.295802418,6.946457282
13.33415847,2.883327544
13.04300397,2.666180087
4.539273451,4.247146623
8.697136581,11.44056615
11.76453606,7.623265931
3.359081049,9.763483515
11.48792867,7.198628605
6.555555983,10.26801387
2.961992573,9.180137146
3.804433831,7.047588105
13.44664756,2.354322214
3.588559794,10.4597771
13.67471721,2.46121345
3.425788717,7.518847481
13.0109967,9.277232733
14.40339474,2.667981851
13.14369765,3.613120927
14.97447504,3.065217152
13.84096546,7.945538468
14.67238572,1.971892122
6.115159852,9.11672885
12.78381606,2.399674674
13.23078461,2.074833282
8.390030118,9.174794626
6.230918597,10.20776702
8.474104679,9.74488833
6.878605914,11.64743479
2.815730267,8.264193176
13.35798755,2.539309961
13.61873326,3.93192278
3.580176477,9.158720071
12.68565338,4.829695323
8.03248226,10.87467363
6.686127024,9.271295627
14.90569458,7.642186957
11.85401377,2.373209807
12.01309574,3.586357654
7.627727935,8.505782291
4.845868211,9.105375933
3.945285569,8.073994704
12.55320131,4.012934143
12.76114731,3.150106866
6.789618107,9.621623004
13.07289847,2.149875877
12.66791216,2.970653398
11.63004392,2.261699017
8.223610415,8.701016749
7.235265927,8.278132862
8.099416271,9.898528049
13.77819315,2.793724456
7.870782313,8.739448503
14.21419071,0.986160869
13.0816138,2.566142628
13.76056371,8.099269693
9.352626411,10.19380172
1.894789442,9.921011488
7.741506814,9.925892805
12.1320393,4.506828929
12.1501865,1.91415953
8.906761517,9.988702851
11.71568783,7.742056205
12.68836795,3.40326742
5.017583373,10.2793475
13.61944721,3.220951425
12.23274331,3.594295076
7.451538526,8.649132802
15.1980579,7.362386257
12.25704779,2.749007403
7.148719375,11.66507382
3.837877749,9.438605781
7.279652556,8.083669251
12.77276007,2.082609736
2.602916577,9.808497467
14.65064792,1.519663735
2.657609918,6.916644368
3.668540249,9.051835599
11.70059806,9.908378484
7.497499076,11.05647945
6.938177014,10.30140314
0.72521618,8.408274592
13.08764103,2.090557566
3.618579464,8.690713531
11.82934179,3.93901163
11.95263195,4.116521722
13.00574929,8.824096842
14.19106006,2.997142019
13.5489826,2.444700305
7.25606575,10.16536383
13.70971794,6.404184782
13.34521338,9.415423301
7.735032298,9.122148605
12.15286604,3.80648646
12.75933329,0.68398411
13.15457165,3.147323928
12.60189067,4.308773189
5.655521264,10.61546883
12.90951813,2.729475565
12.4338393,3.198927165
12.89359986,3.434443227
12.48960048,3.700922057
14.83782846,0.540582084
7.187126795,10.6768148
11.02513331,3.285754856
3.73615472,9.085739778
13.92863294,9.075198197
13.68662041,2.88467633
14.2262866,7.96946832
2.148339777,8.716707922
12.86203975,1.330576914
14.42813587,8.273230185
14.4441431,9.31995486
3.885159178,7.278796131
7.198613607,10.41522913
13.16550786,2.819974246
13.74602983,3.141429751
5.16789726,3.546794279
14.1050047,2.974362239
14.71908433,11.12812572
14.97230139,3.004331828
13.19603943,8.877510006
13.41650789,8.404619829
12.32508777,7.522907877
7.514432095,11.19592924
11.66746572,2.553788562
12.73220812,2.819884558
2.754256327,2.116710834
7.069363652,8.711054975
13.30366214,2.983407331
2.483190634,7.69476413
12.16313499,2.572496151
2.318834601,0.817319812
12.96742926,2.490033809
15.21769982,3.455154154
13.21227058,5.74459519
12.91522969,2.158954117
7.362603368,9.668099748
11.79664493,4.160000243
7.773569135,9.362767512
14.68227496,3.32219616
7.449639849,9.659866642
14.54177983,9.4091636
13.44271592,1.972690882
13.89969552,3.391736351
11.1709197,2.934433064
13.0655547,8.864639301
16.26132363,7.353679342
13.26638379,8.973707382
12.55194534,2.248306832
12.01362006,3.070102471
12.32338968,8.806347418
12.66187629,8.896298929
6.986175936,7.826367629
3.259589048,8.245710598
12.98125363,4.162273943
13.26804853,3.173867878
6.482901472,8.354800473
2.566744874,9.356125378
12.34190664,2.104834728
14.40101193,2.328593395
13.37722503,9.044794728
12.17355503,3.768965084
2.602911136,8.666549262
1.960570989,7.342833438
14.20503117,10.26404337
5.603130875,9.604597616
13.87840742,9.643874667
12.39556808,5.588320304
11.58715332,4.073771959
7.215303926,9.172834637
11.09541598,9.695412806
7.476708829,9.73313748
8.067162194,10.12913069
8.102545931,9.622610224
12.54085523,2.209673038
12.85226634,3.522142679
6.98250224,10.10346042
12.86725015,9.794314081
12.85342481,1.672870118
2.915846757,8.026204661
8.092942878,9.842963748
12.85849598,3.484097862
14.17717129,2.026853908
11.56205826,10.32922977
5.073399637,7.8655886
12.76177826,8.694748174
1.833347205,7.419163061
14.93777657,4.005028647
15.85394604,2.639539211
6.7659095,10.42903282
7.473819475,9.11561921
12.55912102,3.586698281
3.432081328,9.997014344
11.6678878,8.713845647
13.20921353,2.516212477
15.08882134,9.141306251
15.19090643,9.276689974
1.132823343,9.616462081
13.84646188,3.552606077
11.67069652,2.146832463
3.751368736,9.364895485
8.038046769,9.292703384
13.01887869,3.46580008
13.34510361,2.26470238
14.12692546,8.837834847
13.75319773,2.758374953
12.15293656,5.081480374
2.786122172,1.143588328
11.25854608,1.907086645
13.54605523,2.981898456
3.086836383,8.775705489
14.91498349,8.837483679
11.6982291,2.488715427
10.8263864,1.441343823
14.03942466,4.306757488
12.66232614,3.134500664
3.303142667,4.363097556
12.09558477,2.361135176
12.91999325,3.364554156
12.75481808,4.037716226
2.863924611,2.345878384
2.085302503,1.72773512
14.25469899,1.121107692
11.73435838,9.336265034
12.17952522,2.04335624
6.504254425,9.435323708
13.41315791,3.005697164
2.927908255,9.599162219
7.008928132,9.182137052
13.48974666,3.414922536
2.984197855,9.03938443
13.44829718,2.746651038
12.49760667,3.155075687
14.94671652,2.887920536
3.161600991,9.07450188
4.05960041,9.369878288
14.13874038,2.083681035
12.74118809,4.810703322
5.433813512,2.663615511
8.856827681,8.41540158
8.170023961,10.69906627
13.32036841,3.964782339
2.853760052,8.931849457
7.189294416,9.560249591
12.96382992,3.380782815
13.74254926,1.695905357
7.888042607,9.211390419
0.895432727,6.016199449
5.833199001,8.214652584
13.73832369,10.05081638
13.06198704,5.212652047
15.12860471,9.810091662
3.690104421,3.382474895
5.954245845,9.64985153
11.3963275,4.152327839
3.053654638,9.678356876
12.53021276,2.456126353
13.86828938,1.3394385
11.75913561,2.654727795
7.687248614,9.482040196
14.2861178,2.557792533
12.36449236,3.707162624
10.40076409,2.626465402
7.182756821,10.18608349
13.2174112,2.250495677
11.75040493,3.773667342
4.03990235,8.651296377
9.334466602,9.935873497
11.99936594,3.727485827
8.2109542,8.874075611
2.215290877,9.84597796
12.31980967,2.15837108
4.471371796,8.745599682
10.74256464,1.459774018
11.46307996,2.80196707
8.313009125,9.469215309
13.92034271,4.319119347
2.732098053,8.108487574
7.792169851,8.612339236
3.017525241,2.224972374
2.808769742,7.825465613
5.959317322,8.585095327
14.99081919,9.660161205
6.579509984,9.979761985
13.27082667,3.586297314
14.49422135,8.875683181
13.36554704,4.660569117
12.35254858,3.379993813
12.31399646,2.764914197
8.368111833,9.274723765
7.965182394,10.41400716
11.15642563,2.897463407
1.757829968,9.123436047
14.74709252,7.645318368
6.093806379,8.409271901
14.15732278,4.54026344
13.62068038,2.457286927
12.96066733,9.618554041
4.335772856,9.422515465
5.782240506,9.793721746
13.41142815,4.804574242
7.751079944,10.04937068
8.658726042,8.609270558
14.1590568,3.574357119
15.0991411,3.239414839
2.030269853,8.822598892
13.81850611,1.432889224
13.67793891,10.89428247
14.18605016,7.986974134
6.261419277,10.24910473
2.364005111,0.79065185
6.445136332,10.22555658
12.52238785,2.723981758
2.330351527,8.391153995
4.843750324,8.650246686
2.493883377,9.486136616
10.54885736,4.051310679
5.69036886,10.38188196
11.66209522,3.757431926
12.15727698,3.677014491
3.317238009,8.654714456
12.79960749,7.821123162
12.19504061,2.724700451
13.1860017,11.39433184
14.21924818,10.20955049
13.92028607,5.276288239
3.760575654,7.972835086
3.021048044,7.856149339
6.802335094,10.83388268
11.32005935,2.109555762
3.713187307,10.20502259
13.5787942,2.271981106
14.18270416,8.690506068
7.520361229,11.25788298
9.306170877,10.71429175
8.760274597,8.589872038
4.322988452,4.55012436
13.27323425,2.399996359
1.841419458,9.180101326
4.306751117,8.473225279
13.21573401,3.205953799
12.0723586,1.546901829
8.040845111,10.17342716
14.48534221,2.679401474
11.83317316,4.001677825
3.32667324,10.7135878
13.49186347,8.396486543
12.30661725,4.269934746
13.1883798,2.590903119
7.189351184,11.08348744
14.03358285,8.402003663
13.62477593,7.953187927
13.57636351,9.485549
12.94358344,2.559756795
6.954489876,10.26407561
13.05029136,3.72834067
2.447587213,10.22384389
7.585270875,8.21222439
2.152464716,7.988553865
8.363482,10.28310159
14.85903929,4.271854195
13.18050934,2.23624566
11.73514607,10.54493294
14.03965457,8.861818525
3.309714257,7.140996575
4.092324103,7.654301857
12.7450923,8.940479667
12.44917438,5.0942582
14.12088612,8.806944985
13.56337796,8.655858605
9.096072276,10.44698127
6.108916661,10.5496233
13.38127528,2.916810731
7.994173746,10.7770205
13.38423221,3.474430904
12.53439245,3.69138544
7.977241434,9.614809674
12.93571597,2.838057648
8.387050672,9.437832281
1.697004004,10.22955097
14.23065245,2.467005864
9.364072628,4.682690153
13.00974279,2.260857436
13.14283094,2.715429634
13.15659828,3.698309344
13.34613951,0.726988825
7.596403521,11.16699459
8.567995456,9.984562055
12.59926246,3.353484489
12.68695649,1.473120943
13.91210212,3.599244145
13.00879036,8.742054347
12.10541938,3.128551435
3.083613062,8.604919953
12.51429677,3.869083061
13.04453701,2.127668018
11.03318437,2.737108581
6.091463602,10.72742134
11.41038264,3.171624328
3.295105285,9.5152121
2.810307486,8.232667552
2.967302522,11.30237467
11.91503652,8.684842944
11.81793648,9.6588422
11.86337646,1.933675279
13.40646245,0.991267279
12.63857331,1.519993222
12.80746111,1.592294675
13.56694353,2.99912847
13.14934742,9.618198263
13.83720254,1.728857122
12.50208522,4.964202031
3.077130649,9.268971212
11.99732376,2.45951466
14.31684043,2.823010779
7.201311087,10.61083832
14.68596415,10.98116668
13.92341435,2.709635906
13.37958376,4.440465548
8.137709272,11.94871526
8.379315968,10.44446436
5.680638926,10.73094216
12.82297742,4.308582378
3.516639274,10.21536366
14.91568294,8.466490381
13.26502511,1.712231731
14.55428667,8.462026997
13.04064075,2.563292488
7.709481073,11.76133793
7.559724839,8.585843111
13.7746729,9.358276639
13.51822644,9.339301098
13.51622392,3.936661398
11.58475351,1.754683779
5.259939859,8.662496966
12.44357997,3.576494586
14.09041168,7.198521279
12.27819937,3.317932516
8.621346003,9.039375019
14.84388376,1.993939583
11.31324023,3.37885557
6.898864441,8.492966147
12.8181214,2.988010523
6.85070396,10.08061458
11.6229427,10.2180239
12.51640971,1.991037832
12.93699462,1.807064615
13.67841617,7.930383136
7.851080703,9.807365301
12.80002223,1.893197681
7.875204693,11.75974053
8.415776466,9.714754903
13.06196213,1.895953524
11.89131731,2.71120479
13.17436662,8.822359319
13.35948593,2.387309221
3.429736695,3.518449182
8.17355074,8.662924344
12.72912289,1.097251198
2.748098468,9.574717879
13.46596964,8.908462914
4.854707361,8.158053522
7.796564531,9.460005948
13.86234849,8.233796198
14.12755902,8.446383411
11.58556104,2.308997976
13.69141747,9.422126443
13.37994335,2.253966001
15.48992768,7.917371562
4.625302909,7.893853775
9.5413016,8.289473176
14.28670423,2.445685436
4.893329551,9.672318428
12.42240753,3.604885063
6.146011785,10.21329382
14.33659713,3.966155319
14.19218301,2.662254605
6.805804217,10.4110353
12.574549,3.083038421
15.04599659,2.056531026
13.63740373,8.29324935
7.501343965,10.33753616
3.768223681,9.913686738
14.43957119,3.11768811
14.75036362,1.87866748
13.67616979,2.019416477
13.90989183,3.033768903
1.733714781,2.08050299
1.599195054,8.161718247
14.72295861,2.561696552
4.389103741,9.81478424
7.409075619,10.94659534
15.35421154,8.801154318
12.36698598,8.199319124
12.86759183,2.573445451
13.87249978,0.767080217
3.986011668,8.869733294
2.257083707,8.804827772
1.904524712,8.962565402
14.97642438,9.419079884
13.56982046,10.86335037
6.395332165,10.29363244
11.65494451,4.42621338
13.20158197,10.29553922
12.18514009,2.614971238
13.23168726,3.23959306
13.8404683,9.595858056
4.809749759,7.605754236
12.53202579,5.608432439
13.22525091,2.057455549
6.871295393,11.58148355
12.27927559,3.084301972
7.191237025,7.505259701
13.94828178,9.364235694
13.62077665,9.469908756
7.34980126,8.332919559
5.405733566,11.20437087
14.33318835,4.497434475
12.30164006,3.422917148
14.28576432,2.291087229
12.45908809,6.511746969
12.73752671,2.308340148
13.59202293,4.120066466
13.23157333,5.059506955
2.276480626,7.982736333
13.69601187,1.182714159
12.14974777,3.223542784
12.54345406,2.94111459
12.07872972,3.607064284
13.59292427,3.668634882
15.77551969,3.228289384
11.92897597,3.366305139
3.314102281,10.32703822
3.062326199,2.931143013
12.26850657,3.430757714
12.63493548,9.785711893
8.080032543,9.839146185
7.438084023,10.26548307
2.378663891,2.705688112
2.302835498,9.550840103
11.29769391,10.63607201
12.07395812,2.193727639
2.148221636,10.47266259
2.92843941,8.448832645
13.9614379,9.821994412
12.77489299,2.308827398
13.95346724,1.427536536
11.45916084,4.360204658
4.768354664,9.181352841
6.448910158,10.21796023
6.335015303,10.4418674
12.07318384,8.89682973
7.520714296,11.00733797
12.16426102,3.302235961
2.850136581,2.202188343
12.54950357,3.257466898
12.50177466,1.878953834
4.379905899,1.589425383
2.279794821,8.865651719
14.7863235,4.097175895
4.238652462,8.778891777
12.30500658,4.476725183
3.482510567,9.203988735
9.456045782,10.25186812
13.69040284,3.129661855
13.84730343,4.453050546
11.90486315,3.634644018
15.09523379,4.149020601
14.55806674,3.313333499
15.77956844,9.132988594
4.775879245,10.04396821
13.45171047,2.447157217
12.86230645,3.242143257
4.377221724,8.534886721
13.86460301,3.482763831
14.73645383,7.294718115
12.87896627,2.768649942
12.63933246,2.423290585
11.96866981,3.887453173
13.35921359,8.896186915
1.909923836,10.12364109
14.45086406,4.684126777
13.50285525,1.594989277
7.627491043,10.7969305
12.04421298,7.522881365
6.809419117,10.25684969
8.439694619,10.30824129
14.70868834,2.826056092
13.12385258,9.231548385
6.211328943,8.657446229
11.65888363,3.046698214
3.82243634,0.858015573
5.530428644,9.280687379
7.871938104,9.632631293
13.30653703,7.248159928
12.48796464,4.069019355
6.726434477,9.904578341
5.75631616,8.701564428
12.79853783,2.425675025
12.71093152,1.821102522
3.693263042,6.415914795
11.53262978,10.40141321
2.445877158,9.108868736
13.03951312,2.238646059
7.133656077,9.259513657
14.67769159,2.33880694
13.46877685,10.18302193
7.594069899,9.298727605
14.25023444,2.626340342
14.18906134,4.185523343
6.141202047,11.05025611
13.66559981,2.972889768
14.21036582,2.509740625
7.301733889,9.344764581
12.67006671,3.024096769
13.44587119,3.226462442
13.4619972,3.442584106
13.91073481,3.204674363
2.726065788,9.509358746
12.52414798,2.872971955
12.39083479,9.276762987
6.440622685,13.39137221
11.19081855,3.655598246
6.222301089,10.8695025
13.49865477,2.805853144
13.39997541,8.481534051
3.695987521,8.679869566
12.17527176,6.767525459
13.16501524,2.179637053
13.69953147,2.826831764
3.530875042,7.213265555
12.20659271,3.23850411
2.227242572,9.755403255
7.849008553,9.6402974
5.914740782,10.46128418
13.31943054,3.944497775
11.7240627,3.86442729
12.73971441,4.013211541
8.858622956,9.763274842
12.63129304,3.340457285
13.72691366,1.540843719
3.901091046,2.213672872
10.74327564,3.421758609
13.19935767,7.925504778
13.95534975,3.377436816
12.59051789,2.172755345
