86,43	1
5,36	1
16,58	2
66,47	1
20,37	1
89,27	1
56,68	2
21,42	1
96,22	1
72,80	2
99,10	1
20,74	2
59,19	1
70,23	1
81,86	2
53,14	1
72,60	1
2,80	2
10,77	2
81,76	2
44,86	2
3,58	2
7,32	1
89,6	1
61,50	1
31,74	2
96,47	1
100,60	1
96,66	1
0,82	2
17,1	1
2,43	1
8,80	2
15,62	2
81,28	1
45,78	2
48,42	1
61,82	2
24,33	1
23,39	1
37,20	1
99,54	1
5,76	2
45,74	2
87,75	2
61,36	1
46,94	2
58,74	2
73,93	2
37,53	1
41,25	1
88,98	2
79,43	1
19,44	1
60,68	2
93,46	1
76,94	2
20,47	1
17,70	2
55,22	1
12,43	1
100,87	2
5,42	1
54,67	2
13,93	2
61,37	1
99,52	1
6,18	1
23,15	1
93,47	1
70,12	1
49,40	1
42,82	2
85,74	2
93,3	1
2,44	1
39,29	1
29,60	2
13,68	2
62,69	2
37,17	1
83,33	1
7,86	2
80,99	2
7,83	2
74,35	1
75,7	1
41,57	2
20,97	2
57,93	2
23,95	2
57,74	2
37,78	2
55,98	2
34,30	1
23,38	1
38,31	1
43,54	1
39,54	1
6,73	2
