11.39895775,3.834144368	5
6.999636007,9.998846826	2
12.76885979,3.198837652	5
2.207416859,10.5353164	4
13.00232134,2.248309371	5
13.76104748,2.260008361	5
13.84954419,3.385855384	5
12.97362585,3.098899736	5
6.250587125,10.71752539	2
12.60915537,3.351406177	5
12.87102235,2.842102851	5
13.40152185,8.920044692	1
13.73908755,2.393564947	5
12.03002748,4.089113163	5
12.76896397,3.82026126	5
12.50954593,2.797708786	5
6.872764471,9.155798911	2
13.65633279,8.964943718	1
8.04633154,9.602865303	2
13.8938878,3.123805748	5
13.50489262,9.982137071	1
13.0932207,0.853408838	5
6.838058403,10.21152402	2
11.86783465,10.39036348	1
13.90566211,8.220075505	1
2.519509918,10.25139945	4
6.299316499,9.2872916	2
3.23436983,7.893391463	4
12.11354888,2.035251341	5
14.21819142,10.7110225	1
14.42927675,1.36703174	5
6.671777014,9.024400796	2
14.00274239,2.569379662	5
13.87159939,3.429910832	5
13.49041197,1.769861009	5
13.33694344,3.077509397	5
3.437491579,7.806326104	4
2.461548006,10.19168802	4
12.91366388,8.47074843	1
11.90155599,4.014990492	5
1.802112111,9.897859484	4
13.26463857,2.619147939	5
14.56251929,2.550823245	5
8.050225096,9.621456612	2
7.220050598,9.241731255	2
14.57121173,2.765415608	5
8.27226293,9.611577882	2
11.21480777,2.179914483	5
12.42681032,3.113051892	5
11.12523698,3.068406665	5
14.31405617,2.915685114	5
7.788834612,8.983778237	2
7.637300051,10.33197249	2
7.184528294,9.192157978	2
14.50417009,7.699312104	1
11.08719122,4.090032926	5
12.75168263,1.846624123	5
13.83379175,2.322583834	5
13.43399168,1.578733927	5
2.281231201,7.355338274	4
13.80325121,3.073104988	5
4.184159378,7.884180139	4
7.134912065,9.902794811	2
13.04463211,3.633367459	5
10.80338679,9.362421325	1
14.47792575,3.30309083	5
14.47303833,2.346042187	5
3.4940534,8.304732559	4
12.68730245,4.443674275	5
14.36977182,10.0680196	1
14.24451013,9.73648884	1
13.78502841,4.681300555	5
13.00109582,3.378178903	5
6.89765184,11.31142854	2
13.58311659,3.023158583	5
8.059473101,10.57189517	2
10.63336889,2.953147485	5
12.42132994,3.702712796	5
3.536578538,1.702950712	3
7.421033253,8.775272019	2
13.79212155,9.12554873	1
12.83626839,2.610239185	5
12.12455358,3.051561902	5
2.899726693,9.156735896	4
12.71994543,2.183830856	5
12.4739256,10.75112088	1
14.4586279,9.844895429	1
14.66810519,2.288633403	5
14.20634407,8.245751807	1
13.02822622,3.531097423	5
13.36789546,7.022369485	1
12.56884016,3.325778719	5
13.42651901,3.694622397	5
13.13959574,3.734785911	5
12.50966334,3.035751123	5
13.03880813,2.186611825	5
12.65570852,1.940028565	5
3.572243881,10.42010575	4
13.21062289,1.463426914	5
11.76756355,2.117089424	5
12.09261182,10.40832162	1
13.18599585,3.532823079	5
6.650195614,10.38293445	2
12.70906313,3.241055634	5
8.042170257,10.21141875	2
14.37901526,7.940065862	1
13.72671263,3.54870006	5
9.35363254,10.06857514	2
2.016641992,3.10490064	3
15.20063249,4.898208597	5
14.86521404,2.810387492	5
12.69295567,9.253573098	1
12.12803337,7.846724926	1
14.48714774,3.042135526	5
8.57772491,9.878633669	2
10.85381735,1.557628859	5
12.20283211,2.29474771	5
4.708049783,8.952645858	4
12.86413061,3.023075148	5
13.73053081,9.686752392	1
6.773703993,9.605862784	2
12.85496581,9.848095713	1
8.316362737,10.12734167	2
13.23283255,8.888043322	1
12.63063492,1.004649318	5
13.81900482,2.087554641	5
12.71344749,3.169164019	5
12.6365324,3.922778484	5
12.10473304,3.126468626	5
2.685550004,3.235062802	3
12.64396434,4.857820154	5
12.33126932,3.266630013	5
13.59784054,3.540067356	5
13.71073004,3.00081062	5
11.35489792,1.27615271	5
13.18060773,2.985777124	5
13.37197885,1.57102291	5
13.06279899,2.804000521	5
13.31094621,2.484200722	5
12.39965448,9.796003858	1
13.58636234,7.74315442	1
7.557090144,10.39748098	2
12.79309872,9.243727763	1
7.415129798,9.966329605	2
13.4268918,2.36396837	5
14.74857285,3.055471469	5
7.753657254,11.09216797	2
2.639713122,8.568190862	4
13.45005659,9.886504854	1
12.55166058,2.195547669	5
12.42566889,4.062395848	5
6.985974756,9.202583167	2
11.12628287,2.203418952	5
2.312592741,7.807028679	4
2.980082163,11.08063965	4
11.8198949,2.554456027	5
6.802820631,11.55170552	2
12.84344236,2.410378442	5
7.221101711,10.30658819	2
7.735358634,8.387207456	2
3.073609826,8.116343378	4
3.088213289,2.44049169	3
6.238879392,10.84219461	2
12.30454863,3.994264655	5
14.47031926,2.259524569	5
4.524687211,2.244077007	3
9.970302399,9.013064868	2
3.42063622,10.69702346	4
3.543050945,2.419415558	3
12.74122915,2.607182997	5
13.51636905,9.039584935	1
3.67009443,11.16110848	4
14.95288969,10.10405203	1
11.15014314,2.561813779	5
13.51106165,8.788749747	1
12.30791911,3.097016429	5
12.65111672,2.197813893	5
3.507168838,10.04388421	4
5.777525895,8.925193419	2
12.95274321,4.29001163	5
2.140312496,8.406774769	4
13.06437046,4.093316129	5
11.6178713,3.377088217	5
7.012176641,10.00769822	2
6.900837029,10.05481193	2
2.204152038,8.344602454	4
12.08513692,2.21459443	5
7.259942324,8.469396135	2
13.6227239,2.378462111	5
10.9036921,3.352251942	5
13.68945051,4.598509297	5
13.5748316,4.549392654	5
11.60788119,1.930388349	5
13.61315003,2.292830722	5
4.989298306,10.67544071	2
12.74856555,2.488727378	5
15.4130114,10.74612443	1
6.721612144,9.86276497	2
8.159354342,10.69968873	2
14.04088498,9.175408839	1
13.96460982,9.826971105	1
12.06085015,3.197545061	5
1.708585811,8.337599575	4
2.207144361,9.371340301	4
13.62664779,4.159393947	5
12.13003983,10.38381685	1
15.32454464,10.5964923	1
15.00256813,3.601371354	5
7.46848446,10.65985419	2
13.53844643,8.971811627	1
12.43787077,5.550001971	5
8.351243552,9.32580858	2
13.40314355,4.923061298	5
12.7418531,1.766295633	5
12.99859418,9.391469643	1
13.52244409,9.146333918	1
12.05151049,2.486950836	5
12.92085909,2.065165767	5
14.96147574,2.335363617	5
7.558764269,9.168893189	2
12.85824467,3.113706573	5
7.642467815,8.904736541	2
4.110234143,9.132214492	4
5.725646219,10.53320098	2
9.227051246,8.406541821	2
12.40424204,8.651865631	1
8.447182914,7.525262707	2
12.9715072,1.72859151	5
13.45802599,0.548764269	5
11.34594838,3.717991766	5
7.03639478,10.64622671	2
5.525324607,10.98356182	2
12.77615086,2.757439652	5
8.724045593,10.0268711	2
14.91742874,11.58275388	1
12.15813252,3.171897476	5
6.866001449,8.831477241	2
6.999847033,8.644840811	2
13.70460636,3.574202905	5
11.3780623,3.637309618	5
11.45315871,2.093383715	5
12.27697667,4.551150194	5
12.92686785,2.900347075	5
13.76075824,2.491334204	5
6.253898899,10.26620848	2
6.184953066,8.987481742	2
13.34381832,4.156068385	5
13.18635272,3.211781394	5
5.933898925,9.642461723	2
12.64705488,4.313816517	5
6.838583231,8.691411159	2
12.99513249,3.815454455	5
13.66088854,3.357593923	5
6.975168285,10.57098845	2
14.52413332,6.707358488	1
13.83007788,8.430991294	1
12.40208456,2.854195961	5
5.907863976,10.22100143	2
11.44888822,1.468835957	5
7.240905372,9.526483853	2
13.28354002,7.3404367	1
13.72229888,3.496443485	5
4.0457606,8.899943846	4
7.386314754,9.12464201	2
4.495257322,8.114655481	4
2.527222603,8.909604948	4
12.34783858,3.558793988	5
11.5339307,3.155561751	5
11.21701524,3.055156731	5
7.391193854,11.51772612	2
15.2381705,7.378045107	1
5.352075975,7.926942999	4
14.6358799,9.609120241	1
13.42615002,3.764366618	5
8.553639359,10.74717209	2
7.771726106,10.95140173	2
11.75550331,2.760557933	5
12.94029276,2.508728445	5
12.56682792,4.202881763	5
13.41900913,2.783666863	5
3.2643933,3.410679142	3
12.96184782,9.832713736	1
2.863038192,9.855232189	4
1.311503003,8.563383527	4
13.85436162,2.660422911	5
13.72117045,2.594706362	5
14.16964841,4.129844527	5
12.00468297,3.501084127	5
13.39881894,1.834165212	5
4.947429679,1.894170035	3
13.62735535,9.996825062	1
3.01403707,10.23383297	4
8.678339713,9.364073158	2
4.468185117,2.291302578	3
7.245976099,10.57112012	2
6.771727801,9.66526073	2
12.84991607,3.684110579	5
13.69479318,5.040916247	5
13.99021131,9.037623517	1
2.570672709,8.650068241	4
6.207148701,7.629935005	2
12.50131216,0.862386742	5
13.70580429,1.720735285	5
5.706904876,9.073611819	2
2.689077647,8.253048079	4
12.46586584,2.656324295	5
13.24544059,8.329837033	1
3.372546403,1.5968238	3
7.384858528,10.34694237	2
4.108302357,1.602433533	3
6.917518131,10.01650054	2
9.992881899,11.27675261	2
13.31258534,2.260290247	5
13.9313731,3.958777786	5
14.2641899,2.885612014	5
9.190216824,9.959934993	2
13.10561696,3.900646112	5
13.48439667,9.285082086	1
7.765430938,11.07908888	2
7.030637348,10.06597033	2
6.895816505,8.205413383	2
14.36552559,3.290347421	5
13.95103366,3.59058016	5
12.56467496,2.775134072	5
1.716139262,9.503453289	4
4.504381417,2.196873357	3
5.814711408,9.997521548	2
2.200149853,9.972050222	4
11.40852445,8.999132879	1
13.36778739,3.765004017	5
7.461094232,10.3252403	2
6.474262345,10.2635248	2
6.666179977,10.76440509	2
6.410709815,8.987367481	2
12.72044698,3.719404965	5
12.25449517,8.431949986	1
13.46101904,1.536926178	5
11.86289068,8.160696218	1
14.24465516,2.616793005	5
12.41274145,1.595012719	5
5.857983189,12.32432387	2
13.34543004,2.844647842	5
3.540100431,9.170907847	4
11.28398315,4.727129246	5
11.72680241,7.787578855	1
8.560113434,8.699195425	2
7.117403006,8.237382368	2
6.783883979,10.29166964	2
7.13204452,9.382347925	2
8.55866227,9.140697646	2
11.61795283,2.491556868	5
12.44965728,4.597138112	5
12.30889594,4.062116925	5
4.151156716,7.974575951	4
11.66702032,4.039261248	5
14.70338948,3.14768945	5
10.72086071,8.935342361	1
12.95245652,2.530022582	5
3.292982056,8.278179471	4
13.59697883,2.126761141	5
12.85918316,2.341368206	5
2.934267413,8.233077517	4
12.62955503,2.682068758	5
13.19101305,2.635316936	5
14.41176086,3.160455488	5
13.51796826,9.778731707	1
12.89722743,4.568061935	5
14.62957693,8.026901847	1
7.221152061,12.23474882	2
7.613751646,10.41233531	2
14.25355678,3.202623208	5
14.58758067,4.304093344	5
14.20176773,10.85485578	1
13.44464666,3.65863872	5
6.984028295,9.290983597	2
13.27967512,3.205524166	5
13.10152354,9.131838263	1
13.33537751,4.472501113	5
13.39260425,4.912091707	5
3.392281309,1.144491171	3
3.864875039,8.033007284	4
12.74487483,10.24479502	1
12.97882393,4.486447858	5
14.27077952,3.32142401	5
12.49088474,4.05122291	5
7.98241783,10.05153068	2
16.31945009,9.700132064	1
12.05100764,2.820477694	5
5.556560193,10.42802589	2
12.24914121,3.952651217	5
7.144628045,9.735132005	2
12.83473954,3.373375485	5
2.494214619,1.933119745	3
12.51296345,8.595259545	1
13.85688626,10.52319947	1
13.78016304,1.380292023	5
12.04252281,4.135289485	5
14.20677813,3.290944124	5
3.526530465,1.879271071	3
15.03826934,8.14759146	1
12.81885301,4.254331194	5
12.14134972,2.726842135	5
13.56346307,5.646120836	5
6.665690448,8.383985084	2
13.563183,2.474226984	5
13.40753026,3.495103963	5
3.748101058,7.907916659	4
3.729654902,7.875375633	4
11.22979845,3.431778666	5
13.25163846,9.594919557	1
7.045440359,10.16868883	2
11.52002104,3.442275028	5
4.410398854,9.762446863	4
12.9095793,3.551229765	5
13.66823598,3.694063096	5
2.451531168,10.4638222	4
12.42746046,2.402305476	5
4.149999883,8.016116385	4
5.95492042,9.860977112	2
15.25183787,9.195285716	1
12.96654155,8.585320813	1
13.78952599,9.414540683	1
14.04761462,7.384684773	1
13.90508189,7.096189233	1
11.79503563,9.947121497	1
11.59364564,3.388686991	5
12.91653032,3.332378146	5
7.615282925,9.208326468	2
13.0005558,2.116273611	5
14.77204157,1.847495316	5
6.718999406,7.965680633	2
2.410397695,9.047256198	4
13.90956537,2.181450375	5
13.0447711,4.798700894	5
12.48998087,2.748551795	5
13.76918986,2.720363682	5
12.16211077,2.939002088	5
8.493507798,8.954039523	2
12.30925433,8.293846544	1
11.37834194,7.864750447	1
3.549642016,9.070721129	4
12.11109696,9.620935269	1
12.48291781,4.861570221	5
12.16862265,5.301451546	5
3.212964215,10.17599871	4
4.698460387,8.69024909	4
13.13559331,3.567554713	5
12.91970432,2.714078038	5
7.813654293,10.1110817	2
12.46389811,10.85659038	1
13.06345971,4.760567322	5
1.945675884,7.940547444	4
2.292803666,8.490670111	4
5.616368336,8.882298546	2
3.947437171,8.10410763	4
7.822848931,9.237449246	2
1.700501366,7.610950504	4
13.05447022,4.660690425	5
12.26750308,4.007946081	5
6.4654715,8.195337739	2
0.447217829,9.912973576	4
2.715863055,1.741804672	3
12.31235687,3.915870037	5
3.292817729,9.303737753	4
12.59579927,3.616504249	5
6.254685837,9.821838836	2
12.2280736,7.757108847	1
13.3452775,2.997391732	5
13.18719084,3.283920323	5
13.65186385,9.79697041	1
14.7709496,8.827152896	1
11.78190799,8.580123906	1
13.8166889,3.985201345	5
13.42933816,3.355273157	5
13.84175317,9.563788106	1
12.26561806,3.149302704	5
7.581376444,10.07786162	2
4.684704073,6.859858184	4
13.36064061,3.01644627	5
7.976381323,10.57088488	2
13.21982022,2.359994532	5
13.36785178,1.564256444	5
4.264039684,8.850556166	4
11.68490087,2.1259456	5
5.486414641,10.73955462	2
14.18433082,2.630559314	5
12.18584351,3.060136915	5
7.24476234,9.370745429	2
12.08020248,3.433462938	5
13.01179682,4.397761963	5
12.00482068,2.08630069	5
12.01673451,3.129005667	5
12.06445892,2.741509857	5
11.13287501,2.543595681	5
2.402945758,7.850115767	4
12.87573066,3.556867908	5
13.83926887,7.435478799	1
12.13896328,3.943894286	5
13.78687865,3.046172471	5
12.41929713,3.743838129	5
13.00811729,4.131595102	5
13.17001106,2.896970354	5
12.69693096,3.321142786	5
13.05119388,8.171525563	1
11.59228285,4.896430775	5
11.00947377,3.120014116	5
12.25143248,2.702722907	5
12.56381153,2.296520111	5
6.571877471,9.841019328	2
11.65956718,1.818134492	5
11.25281984,2.357363383	5
13.23426678,3.558355608	5
2.893827641,1.044115538	3
8.075752799,9.612862163	2
2.573309303,8.881654276	4
7.255727876,11.15256525	2
8.061244303,9.607640389	2
3.64008063,9.17583514	4
3.73161043,9.010966915	4
12.54916086,7.766575361	1
10.28496559,4.49761342	5
12.77529648,9.209707176	1
12.59579963,4.064909895	5
6.612762175,9.986443859	2
10.97486049,4.980261518	5
15.13737981,3.183160605	5
7.226967663,11.9283128	2
12.76256274,2.168324003	5
12.82492777,10.0426422	1
5.044169568,9.505523884	4
12.90405291,9.17503978	1
3.571118124,7.810091048	4
4.074457787,9.640868457	4
13.33460815,7.691750543	1
13.48031251,2.230866551	5
2.865431653,8.552411245	4
11.0850909,8.141294534	1
3.170151899,9.028935491	4
8.99424989,8.354940465	2
12.81864714,2.997514116	5
4.168894085,8.461832128	4
12.01873506,9.185952058	1
5.798282035,7.700827717	2
6.701055907,11.20116971	2
5.103251381,8.620693883	4
13.56032407,1.245524589	5
12.02004993,8.866287109	1
13.50590555,7.721589448	1
11.77639642,3.682495164	5
8.702360352,10.81807129	2
7.816502296,9.885951769	2
12.38064589,8.927416322	1
14.20501825,2.818424111	5
12.71341228,2.270058869	5
6.534919102,8.077693262	2
14.03896073,3.544231499	5
13.03112912,9.681905952	1
12.64890994,2.642594235	5
13.99497866,7.693762244	1
13.09324782,3.028376414	5
12.19698381,9.376754135	1
3.502555789,8.87660887	4
12.3910533,3.100084124	5
13.04005642,8.942610448	1
11.69360571,2.773615239	5
3.92598453,8.29692	4
12.23949976,2.445999665	5
7.873236075,11.27182189	2
11.78217161,2.378630148	5
3.286603748,7.723650587	4
13.34529073,4.365880759	5
2.244336722,9.248562703	4
7.352915723,11.26490573	2
2.442266214,8.088195793	4
8.791028512,9.846804463	2
14.45055178,3.564507514	5
12.93771848,3.564331187	5
9.060217644,8.293392113	2
2.778160502,8.192916331	4
14.26383994,8.4351021	1
7.404365675,9.66387683	2
13.52434006,0.726917975	5
12.37234055,3.811618755	5
6.603676774,8.657759063	2
14.86824042,1.556990765	5
12.09068795,4.808418214	5
8.221291186,10.86760426	2
8.016247965,11.325806	2
11.61716351,2.132411569	5
2.194965823,7.193936612	4
14.79491398,1.308472187	5
7.175086652,9.427835346	2
7.109831322,8.720445152	2
3.465278711,8.578767123	4
2.944308377,7.8908473	4
9.255083271,9.776006908	2
13.91247451,2.590800847	5
13.59740145,2.862689516	5
12.03598185,2.026149269	5
7.420087774,9.137914782	2
13.74759757,10.26215288	1
4.196202547,1.438049448	3
14.35779941,3.858822929	5
2.407217315,8.127649631	4
11.7441355,2.560619531	5
3.920708351,9.527278458	4
11.68323577,3.40142169	5
7.115081611,8.680129941	2
2.813584406,8.861844908	4
12.34704552,9.195064717	1
12.36955422,7.248723408	1
13.68974374,8.263759688	1
12.46648034,3.416719951	5
13.56538606,11.92656798	1
4.033248958,0.857209505	3
13.85228754,1.563213089	5
1.892326288,10.11219152	4
13.68760588,3.028907796	5
12.85938844,2.238278932	5
12.33642055,2.388156693	5
11.7198633,2.185605219	5
13.29556632,6.887952584	1
11.49468071,7.309675949	1
12.779023,3.787756159	5
14.41747711,3.1043707	5
3.254921573,7.963079238	4
12.41962623,2.221795299	5
4.350058981,6.61263664	4
6.482933599,10.37666047	2
11.72505569,2.590462662	5
4.280071559,7.965471148	4
3.966387157,8.492506072	4
14.16515705,4.44295585	5
14.11503714,9.541549625	1
3.488888361,8.598066244	4
6.052170733,10.16726236	2
12.65263831,1.379374151	5
11.85389502,0.922262794	5
12.68496491,3.68266229	5
13.13460424,12.08391936	1
13.15526686,3.789654564	5
13.9581913,9.702028226	1
12.81574425,4.090626779	5
8.269061999,10.08830556	2
2.520276184,8.792985261	4
12.79297515,8.756907921	1
3.821007708,8.153626303	4
12.23472389,2.579121007	5
12.52334384,3.543775686	5
7.083375176,11.72647002	2
8.725481003,11.38198028	2
12.2882736,1.423267083	5
12.31513383,3.612856754	5
12.63115846,2.406400533	5
14.06312431,6.939434744	1
12.88708612,9.371266334	1
14.62661614,3.286909812	5
4.094120535,7.826553939	4
7.657688927,9.102489655	2
4.125361477,8.561925307	4
13.85189896,7.718536444	1
13.92065642,9.178825988	1
13.41586095,1.868964144	5
7.895111982,10.37482662	2
13.27693156,3.632833477	5
7.515246849,9.250626471	2
4.055659421,8.690203184	4
12.71142401,3.976813051	5
2.919482616,8.987753592	4
14.36155171,9.539458082	1
11.02700156,10.05539016	1
6.391225569,11.03773631	2
14.93940044,10.47036135	1
6.800860857,10.30301393	2
15.30898623,6.555087268	1
13.20960457,7.179581652	1
7.063178192,10.50678772	2
13.28107146,2.903186663	5
4.942913114,7.329952404	4
10.88175559,5.363471307	5
2.86752551,2.626850581	3
7.295410533,9.735214958	2
6.116250501,10.09801461	2
8.03872752,8.567789073	2
13.87996876,6.606115695	1
6.946490476,9.855150094	2
13.36826674,3.739740194	5
14.28103382,1.903441365	5
7.447447663,10.8440923	2
7.200073637,8.255798926	2
13.93985628,2.635624839	5
12.64213666,3.930023439	5
13.30765908,3.454335697	5
2.822941859,8.039157167	4
12.87136384,3.151652848	5
14.14227939,2.029846697	5
14.00002535,2.926863376	5
12.21726554,2.077197556	5
13.79060763,3.420222842	5
12.29715542,3.349906119	5
7.955032947,10.72033377	2
5.558861528,10.88235909	2
12.52647188,9.484459457	1
13.61575683,2.859391839	5
5.368470845,2.798461259	3
8.069574579,11.49968408	2
2.169069272,7.562930513	4
13.75316166,2.144385361	5
3.248159361,9.970288261	4
11.72093267,2.557881992	5
12.04973473,3.590646143	5
13.87066439,1.261183811	5
8.526279363,8.870648236	2
10.13539169,3.058664036	5
12.81404718,4.132867505	5
13.58323293,8.867681666	1
13.72383608,9.304029831	1
11.90663604,3.59268589	5
14.91001907,4.060831842	5
13.25470672,4.358581881	5
8.607547508,9.978454268	2
6.216983821,10.42207426	2
3.514434799,10.64698664	4
13.20857664,2.276196336	5
11.15278769,3.973677693	5
3.961544781,9.877839015	4
13.84765865,2.864816874	5
3.319114635,9.399403376	4
12.78443454,8.208383422	1
7.270725179,10.37906615	2
13.26374522,3.226609014	5
12.64170528,2.125883391	5
14.50551701,3.717383989	5
7.902010451,9.419946575	2
11.29481118,3.6313021	5
15.27087243,8.966917882	1
14.15095387,3.968551951	5
13.90376172,9.506403216	1
3.452145413,3.432292721	3
12.38176157,2.848751392	5
13.32695271,2.579316151	5
6.607250232,10.86720919	2
12.4887706,2.78168331	5
12.61201623,2.510520671	5
6.9172653,11.95585639	2
13.08604065,3.598336504	5
7.071139784,8.86537377	2
4.512371453,9.287887988	4
13.14116524,9.074744779	1
12.84952067,2.707099308	5
12.52340079,7.626142482	1
7.290963369,11.34122237	2
4.36141904,9.459651207	4
4.461672567,1.92054004	3
11.0245726,3.936971909	5
13.7611661,3.610866436	5
13.42710434,6.809620655	1
13.12440168,7.713272076	1
6.914657786,9.443497755	2
14.88215788,2.723652739	5
13.36612577,1.915475169	5
6.965947771,9.630406391	2
14.01377513,3.829797635	5
7.896344917,11.61167056	2
11.19040741,1.609400957	5
8.945896535,8.354555546	2
12.70954416,2.687745015	5
12.74816511,8.046140676	1
7.16117974,8.202337534	2
4.224913979,9.13038599	4
7.169851524,11.00925567	2
3.932818956,2.837381909	3
13.50663099,1.877339984	5
12.4868427,4.107881486	5
12.11268102,10.64641099	1
5.779449738,9.5478883	2
11.94106665,4.801064443	5
2.999368109,9.967164086	4
14.64843909,3.423482191	5
14.62129349,3.375970473	5
6.886407287,7.478797988	2
12.71464945,4.562546507	5
8.082125678,11.14256806	2
7.04486264,8.692120292	2
14.15051985,8.395999159	1
11.52274664,2.090367206	5
1.999781206,1.73113877	3
14.01732033,8.816024489	1
12.61913939,9.400940001	1
14.13016541,9.15002313	1
13.87023696,3.522472853	5
13.96518406,3.788179683	5
13.91194818,3.354207476	5
12.20589884,3.043981636	5
10.87266754,2.726449565	5
6.082562807,9.535450774	2
7.259148274,10.5465896	2
7.958808951,8.236093617	2
6.251328511,10.72303894	2
3.257260644,9.559558863	4
11.59577347,9.259604723	1
3.102007924,7.773415698	4
12.56604761,3.821932115	5
11.4914764,8.137893782	1
7.284634464,10.7322415	2
12.95059417,9.254574885	1
13.70311488,9.642651336	1
12.78640129,3.902198651	5
14.89297641,2.546660011	5
12.68545517,2.444975194	5
7.334490608,10.53567849	2
7.458501841,11.7483184	2
13.33758643,9.225549843	1
7.24842206,9.47665535	2
6.270709612,8.056939851	2
12.0006923,4.252226818	5
13.58732432,3.067746016	5
11.91079018,7.515530575	1
8.569621171,9.733374125	2
14.28988312,1.476168813	5
6.655899572,8.159565876	2
3.432171607,8.148929612	4
12.04506325,2.253430793	5
12.93759333,2.492349376	5
2.901083553,8.293185123	4
12.79594238,4.056624101	5
1.801617884,9.53826252	4
12.94391865,3.772106493	5
13.63531551,8.339192493	1
7.394103791,9.738827681	2
12.96124857,4.471812088	5
12.24219187,2.952918917	5
8.041812465,9.814474253	2
13.44309106,3.035419279	5
13.17890948,0.688993939	5
4.437129308,1.813042008	3
13.77539263,2.604393495	5
12.56544406,10.24689033	1
3.273126675,7.3789321	4
14.38639004,10.07222286	1
12.96462853,2.934368754	5
7.21050045,8.604886429	2
12.40725727,3.30827585	5
13.46594839,3.454360218	5
8.674096754,10.00464496	2
12.61527476,2.968533463	5
12.85701592,2.984793201	5
14.82722531,9.128685649	1
8.702966879,9.758029117	2
13.9019903,1.136066804	5
13.50369236,2.742154915	5
8.575193211,12.53088146	2
11.67498512,2.623649193	5
14.15213275,8.78641771	1
12.63126758,3.406194922	5
13.01410609,1.557786979	5
14.19386152,9.106422511	1
7.684185901,8.957600429	2
14.17103213,3.55774438	5
7.363945221,8.900883975	2
13.80169004,10.71192626	1
12.17506999,2.799729208	5
2.632464457,7.832412155	4
12.51347279,2.490104972	5
8.718603088,10.38990428	2
13.06761731,3.711026363	5
13.10027554,2.7879315	5
13.22180847,10.41672949	1
13.92372197,9.241378354	1
12.2085752,4.019496631	5
3.77956385,9.187305637	4
12.50810054,0.081012778	5
13.21351562,10.82951312	1
8.240858153,9.061312473	2
12.98230482,2.367187954	5
12.65884784,0.921387309	5
13.27772104,9.481114499	1
12.66492049,9.789841778	1
11.87345104,2.2158234	5
13.27623069,8.379866672	1
8.622927285,9.557673794	2
3.88674714,9.012111284	4
12.58662396,4.812494791	5
12.11222711,9.0817498	1
12.38604791,3.383113763	5
15.70255743,8.663168604	1
1.824599541,8.115366005	4
0.743171562,8.767967493	4
11.66459775,2.574662828	5
8.010104171,8.680640752	2
13.97738395,2.238781568	5
14.18062869,9.437004423	1
3.438429051,8.521854487	4
14.03304226,10.48044922	1
7.123335565,11.62708001	2
13.36623003,2.860122918	5
2.863620229,2.604093703	3
5.524370472,8.20719025	2
13.9028649,9.516655499	1
13.84820374,2.800554368	5
14.31438064,1.662356202	5
2.1544192,9.365805803	4
10.89825845,2.914531116	5
2.920496967,10.80729992	4
6.159505478,10.15286358	2
14.35814266,2.218889174	5
11.91492829,2.887382907	5
11.18247455,1.205311215	5
12.78161344,3.312512862	5
14.67505268,2.897643831	5
13.22670952,9.903174678	1
13.43981976,4.133083157	5
12.73152808,1.825269839	5
13.59463146,2.217961517	5
1.616009062,4.039785431	3
3.045848172,3.028072411	3
11.92459717,3.831847602	5
7.721363086,9.656352694	2
11.63000664,8.287374347	1
12.11129715,2.495694193	5
6.220285769,9.676242431	2
1.431578533,9.975727631	4
14.2541639,4.61499302	5
14.03458189,8.476661506	1
3.46397297,3.590139792	3
3.644119369,7.848164612	4
12.12036869,4.122282901	5
6.438607065,9.078828751	2
3.438249275,7.739714459	4
3.427376457,8.053636949	4
12.59394156,2.434617402	5
12.50158838,9.251472303	1
12.6628055,3.214287188	5
13.5113317,8.194780682	1
13.13110772,2.27000919	5
12.81514444,3.253698537	5
8.317451796,9.631369684	2
13.4218887,3.883748171	5
12.69773569,3.046571984	5
12.35620549,3.297296917	5
8.620074185,9.151930894	2
13.90575478,3.029752774	5
12.94373695,2.04369051	5
12.84953564,2.945435499	5
7.581724975,11.27152937	2
10.31564561,9.619706383	2
14.49201909,4.658254846	5
4.535837063,1.611632996	3
4.711003242,9.037919621	4
11.65385798,8.553988686	1
14.9439343,9.005646063	1
12.61877521,2.32060465	5
13.75762981,3.35056971	5
14.40660819,3.715536866	5
13.74359939,2.849048599	5
11.34143427,3.340165212	5
11.6318989,2.436564235	5
2.260076808,9.259275079	4
3.817227481,8.68462262	4
4.932870018,7.040204888	4
11.89393104,3.045149596	5
3.522260527,2.435798764	3
7.646274488,9.383847868	2
11.56475415,2.364966497	5
6.312972689,10.91382093	2
7.767801481,8.910382231	2
7.787126134,10.27117336	2
8.20120351,10.28664095	2
13.55489627,1.829398017	5
8.465868487,10.45797795	2
3.72821198,8.672338557	4
14.37923328,2.784211556	5
12.06923972,3.913758155	5
6.953217408,9.947889969	2
14.28244189,9.792963748	1
4.337787777,2.703078541	3
14.70089845,8.562332655	1
9.629251936,9.730095681	2
15.11223517,9.785788229	1
8.394191177,11.06484288	2
6.695270743,10.1020624	2
8.810870116,8.814776548	2
2.252835019,8.695360303	4
12.90448282,9.731453333	1
7.086861533,10.27778718	2
7.475577093,9.836070854	2
13.86927385,2.694305826	5
2.317949581,7.480980524	4
12.22546267,2.456359362	5
12.69938749,10.84586374	1
12.80970867,3.405313262	5
12.63871351,1.46670173	5
12.86015824,4.086986654	5
2.788188749,7.488569752	4
11.41298089,3.881998761	5
6.237432123,9.796432361	2
11.00924074,10.88790038	1
12.05245316,4.026690789	5
12.39573433,1.266095684	5
12.35156041,3.479700584	5
13.50222762,3.699328743	5
15.66347531,8.042343142	1
13.62844237,10.91389878	1
11.64958286,9.868308507	1
13.85339669,8.696722756	1
11.81600889,3.50512993	5
13.40638274,7.755979678	1
3.026540761,7.880289694	4
14.31923572,9.388973578	1
13.98879967,2.810997043	5
13.7212855,6.863340138	1
13.2756323,2.502246598	5
13.64051973,3.807284021	5
4.331290273,9.458978919	4
14.13341038,10.44258385	1
8.490807593,11.11352359	2
4.737759909,7.666036104	4
13.24231362,4.633732908	5
13.5207477,8.95465053	1
2.515007689,7.971337294	4
7.305984957,10.61280192	2
15.83779148,7.172277663	1
7.19928717,11.01623168	2
2.113333486,9.204381884	4
13.69539979,3.434625989	5
12.03994349,4.491954208	5
3.414909458,10.26478191	4
14.2133828,3.787303978	5
1.300593066,10.98618584	4
8.175625542,7.177363083	2
3.129263997,7.949261753	4
13.20510615,3.223607983	5
11.31849586,2.197567428	5
5.13960268,11.16264585	2
2.852634073,3.330730703	3
11.28471812,3.213882809	5
14.48529222,8.976741558	1
6.001056132,13.12942733	2
14.58284528,3.57849765	5
13.71221646,0.878608233	5
12.84203132,2.484335994	5
8.99456672,10.74990111	2
4.267078023,7.391460698	4
13.26381855,4.038068885	5
14.26914624,9.82004519	1
12.79639953,10.26179741	1
4.13249971,9.335624286	4
14.21043537,2.41064004	5
13.41450438,2.831425341	5
2.477381862,9.565401711	4
11.80388592,3.381396882	5
6.43754522,10.0187467	2
7.163039873,9.436428585	2
7.846585018,8.378419151	2
7.034963255,9.322450055	2
3.741474844,8.481902102	4
12.04071973,1.750105352	5
15.23982873,10.20642477	1
1.885418742,9.008250359	4
12.4552388,3.546101868	5
13.07645557,3.058372141	5
13.5457066,11.34064726	1
12.3135813,6.697850537	1
10.57500212,5.011418428	5
4.021412734,9.844184585	4
12.6714454,3.188526502	5
13.35466732,3.691398954	5
13.34691327,2.744110166	5
11.85880853,2.579873881	5
12.77346233,2.369994007	5
4.429849721,1.483743034	3
12.84057457,2.713652219	5
14.26721233,9.15760961	1
12.59513249,2.417002404	5
0.40208269,3.699627268	3
7.733976493,9.804603832	2
11.98859892,3.070360043	5
7.303181927,7.335737667	2
3.916463404,9.264379544	4
6.614707453,10.62184683	2
13.37803067,2.060014925	5
2.672872324,2.397332344	3
12.11081799,1.95558327	5
3.218317091,8.716009402	4
7.952435461,9.160367602	2
14.03826332,6.738859756	1
14.33511185,4.810898692	5
15.543851,2.230177349	5
2.067462579,10.25551367	4
1.821856181,2.629223732	3
13.63428241,2.30978508	5
12.96215126,1.367221645	5
12.43204189,2.557131284	5
8.099734945,10.2893116	2
13.70741049,10.79114128	1
7.078318247,9.1224219	2
14.07016763,9.590373049	1
2.170640148,8.352314264	4
13.86863423,4.504374554	5
14.31888592,2.789061649	5
14.31425349,8.037056011	1
6.092019231,10.24505239	2
6.399337771,11.27141627	2
6.505358822,10.37247804	2
14.24774094,8.755188629	1
5.710028504,9.912942807	2
13.90520444,5.306829056	5
8.79694011,9.706848961	2
12.68193792,2.159674192	5
12.23371087,3.484128323	5
12.71969915,8.577657261	1
13.45649529,3.595528462	5
13.32473008,10.48638093	1
13.73198214,4.133184544	5
14.21675799,7.178153887	1
7.662749909,9.899379551	2
3.471079826,7.559122998	4
6.985663575,9.858184049	2
6.499400013,10.0268462	2
7.388460252,9.532703354	2
13.07733857,3.399639549	5
14.42569074,2.587138158	5
13.87105044,8.332049537	1
7.764078931,10.01708092	2
6.721942393,8.851486849	2
13.23061893,2.951105461	5
13.96430594,9.207104972	1
12.43695319,2.826645432	5
12.01213855,2.823376382	5
8.256078874,8.547368439	2
13.41456707,5.317492102	5
13.01952951,2.958563719	5
7.523156501,8.963656005	2
3.173601272,9.011613582	4
12.21198588,5.269692164	5
3.416128242,6.096422423	4
2.926999861,9.198881278	4
12.31289254,9.146299536	1
1.181360956,6.752001398	4
13.63029627,9.139591302	1
12.92982266,1.113107243	5
13.29238932,8.747607184	1
10.67792814,3.186126913	5
12.83073281,2.189544024	5
12.73906457,1.890171997	5
5.367810832,11.15026002	2
12.17829809,2.760934867	5
15.0924498,3.288827838	5
1.871245849,9.549384786	4
6.896506663,10.1030836	2
13.51200818,10.82540462	1
6.945857229,8.370934995	2
3.238442954,7.738016698	4
11.74158275,2.580337455	5
5.640577444,9.551059275	2
12.58652362,10.35202149	1
12.13868175,4.718174383	5
12.71020766,2.763462629	5
11.99758194,3.654601057	5
14.10304652,3.178140404	5
12.60825149,0.159658507	5
4.993300447,7.93014829	4
11.74915481,2.097269589	5
12.30035207,3.333604277	5
13.49147886,9.616300941	1
11.99450728,3.441899408	5
6.641917225,10.02399051	2
14.34256967,2.7560564	5
2.070983721,8.943832493	4
13.42640847,3.783214893	5
11.59207648,2.993769011	5
0.694799697,8.19096998	4
8.260825123,9.985529208	2
2.496830157,7.775750337	4
11.53092756,2.50256685	5
6.819962812,8.965614318	2
13.13739444,3.367082163	5
8.168350619,10.28277808	2
3.833994646,8.00289637	4
1.333400358,7.788216564	4
11.49433147,2.316361272	5
11.7561766,1.174563606	5
4.247855692,2.46863453	3
12.356792,1.266601173	5
3.872796363,9.893842395	4
13.84272518,9.3656249	1
6.099391975,9.021915801	2
2.040570094,1.554032384	3
6.30631802,9.202390293	2
12.5092275,3.303922429	5
6.4967367,10.05706893	2
13.89808758,9.759298754	1
14.56780617,9.638615272	1
14.01765797,2.946757794	5
13.36074573,3.682222008	5
11.72356611,4.23757963	5
2.128785461,8.254788892	4
12.66760419,1.771619768	5
6.471850348,10.34756275	2
7.603124562,7.976759979	2
11.08796195,3.946087801	5
10.56904881,3.158445473	5
13.81163899,9.12674087	1
2.723961859,8.955941881	4
6.240258204,8.29470454	2
2.442826283,4.259623666	3
12.15781185,3.991889238	5
3.205642084,8.167347688	4
7.75579564,8.58461684	2
6.371917025,11.17471871	2
14.80583247,3.112244057	5
10.78485213,1.323636632	5
12.79624139,2.611789131	5
14.0378008,2.307540833	5
13.70572256,2.460864384	5
7.04117676,10.52636073	2
8.168777773,9.940331659	2
12.17440279,2.23749865	5
13.08683877,2.599835153	5
13.75680248,1.316107884	5
3.270015351,2.023409474	3
11.96188847,2.563586192	5
14.24092194,3.207025138	5
3.66054147,1.886110346	3
12.0176412,4.804442762	5
5.464971408,9.029954433	2
7.52410001,7.598643928	2
12.08896215,9.132911855	1
14.09752166,0.949350597	5
8.207907866,11.95150736	2
13.80413694,4.09056509	5
1.440635928,8.391404273	4
14.74697579,8.671777483	1
1.634759043,8.687863955	4
12.62668911,2.816617394	5
14.09930844,9.291688168	1
1.849041203,9.96531346	4
7.661973495,9.754939665	2
11.84988354,2.186250939	5
11.76142026,2.938590907	5
8.015481893,9.018985325	2
15.16411271,2.918425337	5
8.645868573,9.301701302	2
12.12446368,8.029289814	1
7.559590802,9.814421968	2
13.0449111,3.123625066	5
2.995865351,2.164978975	3
3.229095189,8.56537536	4
14.48218765,7.087537505	1
8.362555754,9.753461309	2
13.38073552,3.382746802	5
4.181287199,1.91783975	3
12.16936945,3.722228387	5
14.30322917,2.929608247	5
4.182786203,8.777001724	4
13.91025845,9.720330979	1
12.1854027,1.977151892	5
13.87775545,7.598200882	1
3.434640549,10.80125884	4
13.83909717,7.553597191	1
7.863889978,7.407082956	2
2.380239191,9.001462509	4
6.377224895,10.85515172	2
11.89408408,9.319599229	1
12.62851513,2.196638142	5
14.97206428,2.412118737	5
2.71849925,10.17344682	4
13.4355987,3.358838881	5
13.08992142,3.030728808	5
6.244163946,9.498680584	2
3.188281038,4.019822444	3
12.56930928,2.565546078	5
7.724093404,8.963658926	2
12.36663318,3.037952953	5
13.24967039,3.018302294	5
6.458245139,10.13184916	2
1.916442681,7.914846972	4
11.66701132,4.171361725	5
7.021531339,8.317938547	2
6.87148385,10.49644261	2
4.156971152,7.112585932	4
6.951946662,9.007356105	2
14.44527546,3.035441466	5
7.531334048,9.898245516	2
13.56122142,2.718557626	5
8.505985014,9.474132802	2
12.63715129,9.367680073	1
12.54675741,5.565640081	5
13.56784749,6.210777618	1
8.335338934,9.994264618	2
13.86987318,4.792202068	5
7.056676632,10.71605228	2
15.21794117,0.964343057	5
6.722779052,10.46630241	2
12.92488059,4.508480519	5
2.511818519,7.866348079	4
13.42251081,2.761535163	5
13.35577787,2.407711863	5
14.79917437,4.613413216	5
8.144759802,9.215137564	2
6.985599943,9.874080596	2
12.43673646,3.187502026	5
2.513712753,9.972986521	4
13.57143248,7.898302168	1
7.588252176,8.52842811	2
13.97027538,2.346263061	5
13.03103046,3.720068336	5
12.14390983,4.781987282	5
2.448008885,6.989466745	4
13.83812764,8.504623594	1
14.82783095,9.29049757	1
11.7809259,3.028122415	5
12.09791526,4.372365795	5
13.33618686,3.489563201	5
12.61028517,2.855636182	5
11.68476169,2.810342717	5
3.365232768,9.46785138	4
12.87488338,3.32557326	5
5.926460735,10.35831332	2
13.01861628,2.446387312	5
13.36055852,3.639647013	5
12.91178561,5.107727905	5
7.313737854,9.466210152	2
9.110232461,12.63322334	2
13.79030385,8.456487296	1
14.2438161,2.173564195	5
14.38421302,2.667985867	5
12.45146937,9.568103999	1
14.16259227,9.292247726	1
12.38068306,2.133454672	5
3.545622264,7.848423652	4
13.42463411,3.627638138	5
14.10792774,2.822511289	5
13.81718159,8.012007522	1
13.69041117,5.092859459	5
11.60847462,4.413343819	5
10.25399816,3.271000594	5
11.24800222,2.344601037	5
13.45246489,3.98318713	5
11.24415388,1.663925071	5
6.904603327,9.020254823	2
2.298901494,9.437318388	4
6.148705337,9.370105901	2
5.379537951,8.896203028	2
13.55100886,3.620402598	5
2.768073311,9.869063999	4
13.32168496,2.64115217	5
12.38521952,8.93669071	1
12.12279936,2.598016612	5
7.82917328,9.996590934	2
13.3873417,1.437737355	5
13.52704595,3.787286834	5
1.753239768,8.373470239	4
13.03106325,4.443174926	5
4.295802418,6.946457282	4
13.33415847,2.883327544	5
13.04300397,2.666180087	5
4.539273451,4.247146623	3
8.697136581,11.44056615	2
11.76453606,7.623265931	1
3.359081049,9.763483515	4
11.48792867,7.198628605	1
6.555555983,10.26801387	2
2.961992573,9.180137146	4
3.804433831,7.047588105	4
13.44664756,2.354322214	5
3.588559794,10.4597771	4
13.67471721,2.46121345	5
3.425788717,7.518847481	4
13.0109967,9.277232733	1
14.40339474,2.667981851	5
13.14369765,3.613120927	5
14.97447504,3.065217152	5
13.84096546,7.945538468	1
14.67238572,1.971892122	5
6.115159852,9.11672885	2
12.78381606,2.399674674	5
13.23078461,2.074833282	5
8.390030118,9.174794626	2
6.230918597,10.20776702	2
8.474104679,9.74488833	2
6.878605914,11.64743479	2
2.815730267,8.264193176	4
13.35798755,2.539309961	5
13.61873326,3.93192278	5
3.580176477,9.158720071	4
12.68565338,4.829695323	5
8.03248226,10.87467363	2
6.686127024,9.271295627	2
14.90569458,7.642186957	1
11.85401377,2.373209807	5
12.01309574,3.586357654	5
7.627727935,8.505782291	2
4.845868211,9.105375933	4
3.945285569,8.073994704	4
12.55320131,4.012934143	5
12.76114731,3.150106866	5
6.789618107,9.621623004	2
13.07289847,2.149875877	5
12.66791216,2.970653398	5
11.63004392,2.261699017	5
8.223610415,8.701016749	2
7.235265927,8.278132862	2
8.099416271,9.898528049	2
13.77819315,2.793724456	5
7.870782313,8.739448503	2
14.21419071,0.986160869	5
13.0816138,2.566142628	5
13.76056371,8.099269693	1
9.352626411,10.19380172	2
1.894789442,9.921011488	4
7.741506814,9.925892805	2
12.1320393,4.506828929	5
12.1501865,1.91415953	5
8.906761517,9.988702851	2
11.71568783,7.742056205	1
12.68836795,3.40326742	5
5.017583373,10.2793475	2
13.61944721,3.220951425	5
12.23274331,3.594295076	5
7.451538526,8.649132802	2
15.1980579,7.362386257	1
12.25704779,2.749007403	5
7.148719375,11.66507382	2
3.837877749,9.438605781	4
7.279652556,8.083669251	2
12.77276007,2.082609736	5
2.602916577,9.808497467	4
14.65064792,1.519663735	5
2.657609918,6.916644368	4
3.668540249,9.051835599	4
11.70059806,9.908378484	1
7.497499076,11.05647945	2
6.938177014,10.30140314	2
0.72521618,8.408274592	4
13.08764103,2.090557566	5
3.618579464,8.690713531	4
11.82934179,3.93901163	5
11.95263195,4.116521722	5
13.00574929,8.824096842	1
14.19106006,2.997142019	5
13.5489826,2.444700305	5
7.25606575,10.16536383	2
13.70971794,6.404184782	1
13.34521338,9.415423301	1
7.735032298,9.122148605	2
12.15286604,3.80648646	5
12.75933329,0.68398411	5
13.15457165,3.147323928	5
12.60189067,4.308773189	5
5.655521264,10.61546883	2
12.90951813,2.729475565	5
12.4338393,3.198927165	5
12.89359986,3.434443227	5
12.48960048,3.700922057	5
14.83782846,0.540582084	5
7.187126795,10.6768148	2
11.02513331,3.285754856	5
3.73615472,9.085739778	4
13.92863294,9.075198197	1
13.68662041,2.88467633	5
14.2262866,7.96946832	1
2.148339777,8.716707922	4
12.86203975,1.330576914	5
14.42813587,8.273230185	1
14.4441431,9.31995486	1
3.885159178,7.278796131	4
7.198613607,10.41522913	2
13.16550786,2.819974246	5
13.74602983,3.141429751	5
5.16789726,3.546794279	3
14.1050047,2.974362239	5
14.71908433,11.12812572	1
14.97230139,3.004331828	5
13.19603943,8.877510006	1
13.41650789,8.404619829	1
12.32508777,7.522907877	1
7.514432095,11.19592924	2
11.66746572,2.553788562	5
12.73220812,2.819884558	5
2.754256327,2.116710834	3
7.069363652,8.711054975	2
13.30366214,2.983407331	5
2.483190634,7.69476413	4
12.16313499,2.572496151	5
2.318834601,0.817319812	3
12.96742926,2.490033809	5
15.21769982,3.455154154	5
13.21227058,5.74459519	5
12.91522969,2.158954117	5
7.362603368,9.668099748	2
11.79664493,4.160000243	5
7.773569135,9.362767512	2
14.68227496,3.32219616	5
7.449639849,9.659866642	2
14.54177983,9.4091636	1
13.44271592,1.972690882	5
13.89969552,3.391736351	5
11.1709197,2.934433064	5
13.0655547,8.864639301	1
16.26132363,7.353679342	1
13.26638379,8.973707382	1
12.55194534,2.248306832	5
12.01362006,3.070102471	5
12.32338968,8.806347418	1
12.66187629,8.896298929	1
6.986175936,7.826367629	2
3.259589048,8.245710598	4
12.98125363,4.162273943	5
13.26804853,3.173867878	5
6.482901472,8.354800473	2
2.566744874,9.356125378	4
12.34190664,2.104834728	5
14.40101193,2.328593395	5
13.37722503,9.044794728	1
12.17355503,3.768965084	5
2.602911136,8.666549262	4
1.960570989,7.342833438	4
14.20503117,10.26404337	1
5.603130875,9.604597616	2
13.87840742,9.643874667	1
12.39556808,5.588320304	5
11.58715332,4.073771959	5
7.215303926,9.172834637	2
11.09541598,9.695412806	1
7.476708829,9.73313748	2
8.067162194,10.12913069	2
8.102545931,9.622610224	2
12.54085523,2.209673038	5
12.85226634,3.522142679	5
6.98250224,10.10346042	2
12.86725015,9.794314081	1
12.85342481,1.672870118	5
2.915846757,8.026204661	4
8.092942878,9.842963748	2
12.85849598,3.484097862	5
14.17717129,2.026853908	5
11.56205826,10.32922977	1
5.073399637,7.8655886	4
12.76177826,8.694748174	1
1.833347205,7.419163061	4
14.93777657,4.005028647	5
15.85394604,2.639539211	5
6.7659095,10.42903282	2
7.473819475,9.11561921	2
12.55912102,3.586698281	5
3.432081328,9.997014344	4
11.6678878,8.713845647	1
13.20921353,2.516212477	5
15.08882134,9.141306251	1
15.19090643,9.276689974	1
1.132823343,9.616462081	4
13.84646188,3.552606077	5
11.67069652,2.146832463	5
3.751368736,9.364895485	4
8.038046769,9.292703384	2
13.01887869,3.46580008	5
13.34510361,2.26470238	5
14.12692546,8.837834847	1
13.75319773,2.758374953	5
12.15293656,5.081480374	5
2.786122172,1.143588328	3
11.25854608,1.907086645	5
13.54605523,2.981898456	5
3.086836383,8.775705489	4
14.91498349,8.837483679	1
11.6982291,2.488715427	5
10.8263864,1.441343823	5
14.03942466,4.306757488	5
12.66232614,3.134500664	5
3.303142667,4.363097556	3
12.09558477,2.361135176	5
12.91999325,3.364554156	5
12.75481808,4.037716226	5
2.863924611,2.345878384	3
2.085302503,1.72773512	3
14.25469899,1.121107692	5
11.73435838,9.336265034	1
12.17952522,2.04335624	5
6.504254425,9.435323708	2
13.41315791,3.005697164	5
2.927908255,9.599162219	4
7.008928132,9.182137052	2
13.48974666,3.414922536	5
2.984197855,9.03938443	4
13.44829718,2.746651038	5
12.49760667,3.155075687	5
14.94671652,2.887920536	5
3.161600991,9.07450188	4
4.05960041,9.369878288	4
14.13874038,2.083681035	5
12.74118809,4.810703322	5
5.433813512,2.663615511	3
8.856827681,8.41540158	2
8.170023961,10.69906627	2
13.32036841,3.964782339	5
2.853760052,8.931849457	4
7.189294416,9.560249591	2
12.96382992,3.380782815	5
13.74254926,1.695905357	5
7.888042607,9.211390419	2
0.895432727,6.016199449	4
5.833199001,8.214652584	2
13.73832369,10.05081638	1
13.06198704,5.212652047	5
15.12860471,9.810091662	1
3.690104421,3.382474895	3
5.954245845,9.64985153	2
11.3963275,4.152327839	5
3.053654638,9.678356876	4
12.53021276,2.456126353	5
13.86828938,1.3394385	5
11.75913561,2.654727795	5
7.687248614,9.482040196	2
14.2861178,2.557792533	5
12.36449236,3.707162624	5
10.40076409,2.626465402	5
7.182756821,10.18608349	2
13.2174112,2.250495677	5
11.75040493,3.773667342	5
4.03990235,8.651296377	4
9.334466602,9.935873497	2
11.99936594,3.727485827	5
8.2109542,8.874075611	2
2.215290877,9.84597796	4
12.31980967,2.15837108	5
4.471371796,8.745599682	4
10.74256464,1.459774018	5
11.46307996,2.80196707	5
8.313009125,9.469215309	2
13.92034271,4.319119347	5
2.732098053,8.108487574	4
7.792169851,8.612339236	2
3.017525241,2.224972374	3
2.808769742,7.825465613	4
5.959317322,8.585095327	2
14.99081919,9.660161205	1
6.579509984,9.979761985	2
13.27082667,3.586297314	5
14.49422135,8.875683181	1
13.36554704,4.660569117	5
12.35254858,3.379993813	5
12.31399646,2.764914197	5
8.368111833,9.274723765	2
7.965182394,10.41400716	2
11.15642563,2.897463407	5
1.757829968,9.123436047	4
14.74709252,7.645318368	1
6.093806379,8.409271901	2
14.15732278,4.54026344	5
13.62068038,2.457286927	5
12.96066733,9.618554041	1
4.335772856,9.422515465	4
5.782240506,9.793721746	2
13.41142815,4.804574242	5
7.751079944,10.04937068	2
8.658726042,8.609270558	2
14.1590568,3.574357119	5
15.0991411,3.239414839	5
2.030269853,8.822598892	4
13.81850611,1.432889224	5
13.67793891,10.89428247	1
14.18605016,7.986974134	1
6.261419277,10.24910473	2
2.364005111,0.79065185	3
6.445136332,10.22555658	2
12.52238785,2.723981758	5
2.330351527,8.391153995	4
4.843750324,8.650246686	4
2.493883377,9.486136616	4
10.54885736,4.051310679	5
5.69036886,10.38188196	2
11.66209522,3.757431926	5
12.15727698,3.677014491	5
3.317238009,8.654714456	4
12.79960749,7.821123162	1
12.19504061,2.724700451	5
13.1860017,11.39433184	1
14.21924818,10.20955049	1
13.92028607,5.276288239	5
3.760575654,7.972835086	4
3.021048044,7.856149339	4
6.802335094,10.83388268	2
11.32005935,2.109555762	5
3.713187307,10.20502259	4
13.5787942,2.271981106	5
14.18270416,8.690506068	1
7.520361229,11.25788298	2
9.306170877,10.71429175	2
8.760274597,8.589872038	2
4.322988452,4.55012436	3
13.27323425,2.399996359	5
1.841419458,9.180101326	4
4.306751117,8.473225279	4
13.21573401,3.205953799	5
12.0723586,1.546901829	5
8.040845111,10.17342716	2
14.48534221,2.679401474	5
11.83317316,4.001677825	5
3.32667324,10.7135878	4
13.49186347,8.396486543	1
12.30661725,4.269934746	5
13.1883798,2.590903119	5
7.189351184,11.08348744	2
14.03358285,8.402003663	1
13.62477593,7.953187927	1
13.57636351,9.485549	1
12.94358344,2.559756795	5
6.954489876,10.26407561	2
13.05029136,3.72834067	5
2.447587213,10.22384389	4
7.585270875,8.21222439	2
2.152464716,7.988553865	4
8.363482,10.28310159	2
14.85903929,4.271854195	5
13.18050934,2.23624566	5
11.73514607,10.54493294	1
14.03965457,8.861818525	1
3.309714257,7.140996575	4
4.092324103,7.654301857	4
12.7450923,8.940479667	1
12.44917438,5.0942582	5
14.12088612,8.806944985	1
13.56337796,8.655858605	1
9.096072276,10.44698127	2
6.108916661,10.5496233	2
13.38127528,2.916810731	5
7.994173746,10.7770205	2
13.38423221,3.474430904	5
12.53439245,3.69138544	5
7.977241434,9.614809674	2
12.93571597,2.838057648	5
8.387050672,9.437832281	2
1.697004004,10.22955097	4
14.23065245,2.467005864	5
9.364072628,4.682690153	5
13.00974279,2.260857436	5
13.14283094,2.715429634	5
13.15659828,3.698309344	5
13.34613951,0.726988825	5
7.596403521,11.16699459	2
8.567995456,9.984562055	2
12.59926246,3.353484489	5
12.68695649,1.473120943	5
13.91210212,3.599244145	5
13.00879036,8.742054347	1
12.10541938,3.128551435	5
3.083613062,8.604919953	4
12.51429677,3.869083061	5
13.04453701,2.127668018	5
11.03318437,2.737108581	5
6.091463602,10.72742134	2
11.41038264,3.171624328	5
3.295105285,9.5152121	4
2.810307486,8.232667552	4
2.967302522,11.30237467	4
11.91503652,8.684842944	1
11.81793648,9.6588422	1
11.86337646,1.933675279	5
13.40646245,0.991267279	5
12.63857331,1.519993222	5
12.80746111,1.592294675	5
13.56694353,2.99912847	5
13.14934742,9.618198263	1
13.83720254,1.728857122	5
12.50208522,4.964202031	5
3.077130649,9.268971212	4
11.99732376,2.45951466	5
14.31684043,2.823010779	5
7.201311087,10.61083832	2
14.68596415,10.98116668	1
13.92341435,2.709635906	5
13.37958376,4.440465548	5
8.137709272,11.94871526	2
8.379315968,10.44446436	2
5.680638926,10.73094216	2
12.82297742,4.308582378	5
3.516639274,10.21536366	4
14.91568294,8.466490381	1
13.26502511,1.712231731	5
14.55428667,8.462026997	1
13.04064075,2.563292488	5
7.709481073,11.76133793	2
7.559724839,8.585843111	2
13.7746729,9.358276639	1
13.51822644,9.339301098	1
13.51622392,3.936661398	5
11.58475351,1.754683779	5
5.259939859,8.662496966	4
12.44357997,3.576494586	5
14.09041168,7.198521279	1
12.27819937,3.317932516	5
8.621346003,9.039375019	2
14.84388376,1.993939583	5
11.31324023,3.37885557	5
6.898864441,8.492966147	2
12.8181214,2.988010523	5
6.85070396,10.08061458	2
11.6229427,10.2180239	1
12.51640971,1.991037832	5
12.93699462,1.807064615	5
13.67841617,7.930383136	1
7.851080703,9.807365301	2
12.80002223,1.893197681	5
7.875204693,11.75974053	2
8.415776466,9.714754903	2
13.06196213,1.895953524	5
11.89131731,2.71120479	5
13.17436662,8.822359319	1
13.35948593,2.387309221	5
3.429736695,3.518449182	3
8.17355074,8.662924344	2
12.72912289,1.097251198	5
2.748098468,9.574717879	4
13.46596964,8.908462914	1
4.854707361,8.158053522	4
7.796564531,9.460005948	2
13.86234849,8.233796198	1
14.12755902,8.446383411	1
11.58556104,2.308997976	5
13.69141747,9.422126443	1
13.37994335,2.253966001	5
15.48992768,7.917371562	1
4.625302909,7.893853775	4
9.5413016,8.289473176	2
14.28670423,2.445685436	5
4.893329551,9.672318428	4
12.42240753,3.604885063	5
6.146011785,10.21329382	2
14.33659713,3.966155319	5
14.19218301,2.662254605	5
6.805804217,10.4110353	2
12.574549,3.083038421	5
15.04599659,2.056531026	5
13.63740373,8.29324935	1
7.501343965,10.33753616	2
3.768223681,9.913686738	4
14.43957119,3.11768811	5
14.75036362,1.87866748	5
13.67616979,2.019416477	5
13.90989183,3.033768903	5
1.733714781,2.08050299	3
1.599195054,8.161718247	4
14.72295861,2.561696552	5
4.389103741,9.81478424	4
7.409075619,10.94659534	2
15.35421154,8.801154318	1
12.36698598,8.199319124	1
12.86759183,2.573445451	5
13.87249978,0.767080217	5
3.986011668,8.869733294	4
2.257083707,8.804827772	4
1.904524712,8.962565402	4
14.97642438,9.419079884	1
13.56982046,10.86335037	1
6.395332165,10.29363244	2
11.65494451,4.42621338	5
13.20158197,10.29553922	1
12.18514009,2.614971238	5
13.23168726,3.23959306	5
13.8404683,9.595858056	1
4.809749759,7.605754236	4
12.53202579,5.608432439	5
13.22525091,2.057455549	5
6.871295393,11.58148355	2
12.27927559,3.084301972	5
7.191237025,7.505259701	2
13.94828178,9.364235694	1
13.62077665,9.469908756	1
7.34980126,8.332919559	2
5.405733566,11.20437087	2
14.33318835,4.497434475	5
12.30164006,3.422917148	5
14.28576432,2.291087229	5
12.45908809,6.511746969	1
12.73752671,2.308340148	5
13.59202293,4.120066466	5
13.23157333,5.059506955	5
2.276480626,7.982736333	4
13.69601187,1.182714159	5
12.14974777,3.223542784	5
12.54345406,2.94111459	5
12.07872972,3.607064284	5
13.59292427,3.668634882	5
15.77551969,3.228289384	5
11.92897597,3.366305139	5
3.314102281,10.32703822	4
3.062326199,2.931143013	3
12.26850657,3.430757714	5
12.63493548,9.785711893	1
8.080032543,9.839146185	2
7.438084023,10.26548307	2
2.378663891,2.705688112	3
2.302835498,9.550840103	4
11.29769391,10.63607201	1
12.07395812,2.193727639	5
2.148221636,10.47266259	4
2.92843941,8.448832645	4
13.9614379,9.821994412	1
12.77489299,2.308827398	5
13.95346724,1.427536536	5
11.45916084,4.360204658	5
4.768354664,9.181352841	4
6.448910158,10.21796023	2
6.335015303,10.4418674	2
12.07318384,8.89682973	1
7.520714296,11.00733797	2
12.16426102,3.302235961	5
2.850136581,2.202188343	3
12.54950357,3.257466898	5
12.50177466,1.878953834	5
4.379905899,1.589425383	3
2.279794821,8.865651719	4
14.7863235,4.097175895	5
4.238652462,8.778891777	4
12.30500658,4.476725183	5
3.482510567,9.203988735	4
9.456045782,10.25186812	2
13.69040284,3.129661855	5
13.84730343,4.453050546	5
11.90486315,3.634644018	5
15.09523379,4.149020601	5
14.55806674,3.313333499	5
15.77956844,9.132988594	1
4.775879245,10.04396821	4
13.45171047,2.447157217	5
12.86230645,3.242143257	5
4.377221724,8.534886721	4
13.86460301,3.482763831	5
14.73645383,7.294718115	1
12.87896627,2.768649942	5
12.63933246,2.423290585	5
11.96866981,3.887453173	5
13.35921359,8.896186915	1
1.909923836,10.12364109	4
14.45086406,4.684126777	5
13.50285525,1.594989277	5
7.627491043,10.7969305	2
12.04421298,7.522881365	1
6.809419117,10.25684969	2
8.439694619,10.30824129	2
14.70868834,2.826056092	5
13.12385258,9.231548385	1
6.211328943,8.657446229	2
11.65888363,3.046698214	5
3.82243634,0.858015573	3
5.530428644,9.280687379	2
7.871938104,9.632631293	2
13.30653703,7.248159928	1
12.48796464,4.069019355	5
6.726434477,9.904578341	2
5.75631616,8.701564428	2
12.79853783,2.425675025	5
12.71093152,1.821102522	5
3.693263042,6.415914795	4
11.53262978,10.40141321	1
2.445877158,9.108868736	4
13.03951312,2.238646059	5
7.133656077,9.259513657	2
14.67769159,2.33880694	5
13.46877685,10.18302193	1
7.594069899,9.298727605	2
14.25023444,2.626340342	5
14.18906134,4.185523343	5
6.141202047,11.05025611	2
13.66559981,2.972889768	5
14.21036582,2.509740625	5
7.301733889,9.344764581	2
12.67006671,3.024096769	5
13.44587119,3.226462442	5
13.4619972,3.442584106	5
13.91073481,3.204674363	5
2.726065788,9.509358746	4
12.52414798,2.872971955	5
12.39083479,9.276762987	1
6.440622685,13.39137221	2
11.19081855,3.655598246	5
6.222301089,10.8695025	2
13.49865477,2.805853144	5
13.39997541,8.481534051	1
3.695987521,8.679869566	4
12.17527176,6.767525459	1
13.16501524,2.179637053	5
13.69953147,2.826831764	5
3.530875042,7.213265555	4
12.20659271,3.23850411	5
2.227242572,9.755403255	4
7.849008553,9.6402974	2
5.914740782,10.46128418	2
13.31943054,3.944497775	5
11.7240627,3.86442729	5
12.73971441,4.013211541	5
8.858622956,9.763274842	2
12.63129304,3.340457285	5
13.72691366,1.540843719	5
3.901091046,2.213672872	3
10.74327564,3.421758609	5
13.19935767,7.925504778	1
13.95534975,3.377436816	5
12.59051789,2.172755345	5
