86,43	4
5,36	1
16,58	2
66,47	4
20,37	1
89,27	4
56,68	3
21,42	1
96,22	4
72,80	3
99,10	4
20,74	2
59,19	4
70,23	4
81,86	3
53,14	4
72,60	3
2,80	2
10,77	2
81,76	3
44,86	3
3,58	2
7,32	1
89,6	4
61,50	4
31,74	2
96,47	4
100,60	4
96,66	3
0,82	2
17,1	1
2,43	1
8,80	2
15,62	2
81,28	4
45,78	3
48,42	1
61,82	3
24,33	1
23,39	1
37,20	1
99,54	4
5,76	2
45,74	3
87,75	3
61,36	4
46,94	3
58,74	3
73,93	3
37,53	1
41,25	1
88,98	3
79,43	4
19,44	1
60,68	3
93,46	4
76,94	3
20,47	1
17,70	2
55,22	4
12,43	1
100,87	3
5,42	1
54,67	3
13,93	2
61,37	4
99,52	4
6,18	1
23,15	1
93,47	4
70,12	4
49,40	1
42,82	3
85,74	3
93,3	4
2,44	1
39,29	1
29,60	2
13,68	2
62,69	3
37,17	1
83,33	4
7,86	2
80,99	3
7,83	2
74,35	4
75,7	4
41,57	1
20,97	2
57,93	3
23,95	2
57,74	3
37,78	2
55,98	3
34,30	1
23,38	1
38,31	1
43,54	1
39,54	1
6,73	2
