86,43	2
5,36	4
16,58	1
66,47	2
20,37	4
89,27	2
56,68	3
21,42	4
96,22	2
72,80	3
99,10	2
20,74	1
59,19	2
70,23	2
81,86	3
53,14	4
72,60	3
2,80	1
10,77	1
81,76	3
44,86	3
3,58	1
7,32	4
89,6	2
61,50	2
31,74	1
96,47	2
100,60	2
96,66	3
0,82	1
17,1	4
2,43	4
8,80	1
15,62	1
81,28	2
45,78	3
48,42	4
61,82	3
24,33	4
23,39	4
37,20	4
99,54	2
5,76	1
45,74	3
87,75	3
61,36	2
46,94	3
58,74	3
73,93	3
37,53	4
41,25	4
88,98	3
79,43	2
19,44	4
60,68	3
93,46	2
76,94	3
20,47	4
17,70	1
55,22	2
12,43	4
100,87	3
5,42	4
54,67	3
13,93	1
61,37	2
99,52	2
6,18	4
23,15	4
93,47	2
70,12	2
49,40	4
42,82	3
85,74	3
93,3	2
2,44	4
39,29	4
29,60	1
13,68	1
62,69	3
37,17	4
83,33	2
7,86	1
80,99	3
7,83	1
74,35	2
75,7	2
41,57	4
20,97	1
57,93	3
23,95	1
57,74	3
37,78	1
55,98	3
34,30	4
23,38	4
38,31	4
43,54	4
39,54	4
6,73	1
