86,43	1
5,36	2
16,58	2
66,47	3
20,37	2
89,27	3
56,68	1
21,42	2
96,22	3
72,80	1
99,10	3
20,74	2
59,19	3
70,23	3
81,86	1
53,14	3
72,60	1
2,80	2
10,77	2
81,76	1
44,86	2
3,58	2
7,32	2
89,6	3
61,50	3
31,74	2
96,47	1
100,60	1
96,66	1
0,82	2
17,1	3
2,43	2
8,80	2
15,62	2
81,28	3
45,78	2
48,42	3
61,82	1
24,33	2
23,39	2
37,20	3
99,54	1
5,76	2
45,74	2
87,75	1
61,36	3
46,94	1
58,74	1
73,93	1
37,53	2
41,25	3
88,98	1
79,43	3
19,44	2
60,68	1
93,46	1
76,94	1
20,47	2
17,70	2
55,22	3
12,43	2
100,87	1
5,42	2
54,67	1
13,93	2
61,37	3
99,52	1
6,18	2
23,15	3
93,47	1
70,12	3
49,40	3
42,82	2
85,74	1
93,3	3
2,44	2
39,29	3
29,60	2
13,68	2
62,69	1
37,17	3
83,33	3
7,86	2
80,99	1
7,83	2
74,35	3
75,7	3
41,57	2
20,97	2
57,93	1
23,95	2
57,74	1
37,78	2
55,98	1
34,30	3
23,38	2
38,31	3
43,54	2
39,54	2
6,73	2
