86,43	2
5,36	3
16,58	3
66,47	2
20,37	3
89,27	2
56,68	1
21,42	3
96,22	2
72,80	1
99,10	2
20,74	1
59,19	2
70,23	2
81,86	1
53,14	3
72,60	2
2,80	1
10,77	1
81,76	2
44,86	1
3,58	3
7,32	3
89,6	2
61,50	2
31,74	1
96,47	2
100,60	2
96,66	2
0,82	1
17,1	3
2,43	3
8,80	1
15,62	3
81,28	2
45,78	1
48,42	3
61,82	1
24,33	3
23,39	3
37,20	3
99,54	2
5,76	1
45,74	1
87,75	2
61,36	2
46,94	1
58,74	1
73,93	1
37,53	3
41,25	3
88,98	1
79,43	2
19,44	3
60,68	1
93,46	2
76,94	1
20,47	3
17,70	1
55,22	2
12,43	3
100,87	2
5,42	3
54,67	1
13,93	1
61,37	2
99,52	2
6,18	3
23,15	3
93,47	2
70,12	2
49,40	3
42,82	1
85,74	2
93,3	2
2,44	3
39,29	3
29,60	1
13,68	1
62,69	1
37,17	3
83,33	2
7,86	1
80,99	1
7,83	1
74,35	2
75,7	2
41,57	1
20,97	1
57,93	1
23,95	1
57,74	1
37,78	1
55,98	1
34,30	3
23,38	3
38,31	3
43,54	1
39,54	3
6,73	1
