86,43	2
5,36	1
16,58	1
66,47	2
20,37	1
89,27	2
56,68	2
21,42	1
96,22	2
72,80	2
99,10	2
20,74	1
59,19	2
70,23	2
81,86	2
53,14	2
72,60	2
2,80	1
10,77	1
81,76	2
44,86	1
3,58	1
7,32	1
89,6	2
61,50	2
31,74	1
96,47	2
100,60	2
96,66	2
0,82	1
17,1	1
2,43	1
8,80	1
15,62	1
81,28	2
45,78	1
48,42	1
61,82	2
24,33	1
23,39	1
37,20	1
99,54	2
5,76	1
45,74	1
87,75	2
61,36	2
46,94	1
58,74	2
73,93	2
37,53	1
41,25	1
88,98	2
79,43	2
19,44	1
60,68	2
93,46	2
76,94	2
20,47	1
17,70	1
55,22	2
12,43	1
100,87	2
5,42	1
54,67	2
13,93	1
61,37	2
99,52	2
6,18	1
23,15	1
93,47	2
70,12	2
49,40	1
42,82	1
85,74	2
93,3	2
2,44	1
39,29	1
29,60	1
13,68	1
62,69	2
37,17	1
83,33	2
7,86	1
80,99	2
7,83	1
74,35	2
75,7	2
41,57	1
20,97	1
57,93	2
23,95	1
57,74	2
37,78	1
55,98	2
34,30	1
23,38	1
38,31	1
43,54	1
39,54	1
6,73	1
