86,43	3
5,36	4
16,58	1
66,47	3
20,37	4
89,27	3
56,68	2
21,42	4
96,22	3
72,80	2
99,10	3
20,74	1
59,19	3
70,23	3
81,86	2
53,14	3
72,60	2
2,80	1
10,77	1
81,76	2
44,86	1
3,58	1
7,32	4
89,6	3
61,50	3
31,74	1
96,47	3
100,60	2
96,66	2
0,82	1
17,1	4
2,43	4
8,80	1
15,62	1
81,28	3
45,78	1
48,42	4
61,82	2
24,33	4
23,39	4
37,20	4
99,54	3
5,76	1
45,74	1
87,75	2
61,36	3
46,94	1
58,74	2
73,93	2
37,53	4
41,25	4
88,98	2
79,43	3
19,44	4
60,68	2
93,46	3
76,94	2
20,47	4
17,70	1
55,22	3
12,43	4
100,87	2
5,42	4
54,67	2
13,93	1
61,37	3
99,52	3
6,18	4
23,15	4
93,47	3
70,12	3
49,40	4
42,82	1
85,74	2
93,3	3
2,44	4
39,29	4
29,60	1
13,68	1
62,69	2
37,17	4
83,33	3
7,86	1
80,99	2
7,83	1
74,35	3
75,7	3
41,57	4
20,97	1
57,93	2
23,95	1
57,74	2
37,78	1
55,98	2
34,30	4
23,38	4
38,31	4
43,54	4
39,54	4
6,73	1
